"ActualTravelTime","AssignedResourceNumber","CreatedById","CreatedDate","EstimatedTravelTime","FSL__EstimatedTravelDistanceFrom__c","FSL__EstimatedTravelDistanceTo__c","FSL__EstimatedTravelTimeFrom__c","FSL__Last_Updated_Epoch__c","FSL__UpdatedByOptimization__c","Id","IsDeleted","IsLocked","LastModifiedById","LastModifiedDate","MayEdit","ServiceAppointmentId","ServiceCrewId","ServiceResourceId","SystemModstamp"
"43.0","AR-0803","0056A000001mlPTQAY","2018-02-28T21:09:07.000Z","4.0","0.0","0.859977729728","0.0","","false","03r6A000000aq9TQAQ","false","false","0056A000001mlPTQAY","2018-02-28T21:09:07.000Z","true","08p6A000000awV8QAI","","0Hn6A000000YQZaSAO","2018-02-28T21:09:07.000Z"
"37.0","AR-0805","0056A000001mlPTQAY","2018-02-28T21:09:07.000Z","12.0","0.0","2.92976517028","0.0","","false","03r6A000000aq9UQAQ","false","false","0056A000001mlPTQAY","2018-02-28T21:09:07.000Z","true","08p6A000000awV9QAI","","0Hn6A000000YQZdSAO","2018-02-28T21:09:07.000Z"
"43.0","AR-0806","0056A000001mlPTQAY","2018-02-28T21:09:07.000Z","19.0","0.0","4.751004134032","0.0","","false","03r6A000000aq9VQAQ","false","false","0056A000001mlPTQAY","2018-02-28T21:09:07.000Z","true","08p6A000000awVAQAY","","0Hn6A000000YQZdSAO","2018-02-28T21:09:07.000Z"
"34.0","AR-0810","0056A000001mlPTQAY","2018-02-28T21:09:07.000Z","14.0","0.0","3.44239640368","0.0","","false","03r6A000000aq9WQAQ","false","false","0056A000001mlPTQAY","2018-02-28T21:09:07.000Z","true","08p6A000000awVpQAI","","0Hn6A000000YQZaSAO","2018-02-28T21:09:07.000Z"
"43.0","AR-0816","0056A000001mlPTQAY","2018-02-28T21:09:07.000Z","12.0","0.0","2.881919588496","0.0","","false","03r6A000000aq9XQAQ","false","false","0056A000001mlPTQAY","2018-02-28T21:09:07.000Z","true","08p6A000000awVtQAI","","0Hn6A000000YQZhSAO","2018-02-28T21:09:07.000Z"
"43.0","AR-0814","0056A000001mlPTQAY","2018-02-28T21:09:07.000Z","9.0","0.0","2.013864033272","0.0","","false","03r6A000000aq9YQAQ","false","false","0056A000001mlPTQAY","2018-02-28T21:09:07.000Z","true","08p6A000000awVrQAI","","0Hn6A000000YQZhSAO","2018-02-28T21:09:07.000Z"
"58.0","AR-0862","0056A000001mlPTQAY","2018-02-28T21:09:07.000Z","3.0","0.0","0.712712757224","0.0","","false","03r6A000000aq9ZQAQ","false","false","0056A000001mlPTQAY","2018-02-28T21:09:07.000Z","true","08p6A000000awUeQAI","","0Hn6A000000YQZbSAO","2018-02-28T21:09:07.000Z"
"28.0","AR-0815","0056A000001mlPTQAY","2018-02-28T21:09:07.000Z","6.0","0.0","1.437852938288","0.0","","false","03r6A000000aq9aQAA","false","false","0056A000001mlPTQAY","2018-02-28T21:09:07.000Z","true","08p6A000000awVsQAI","","0Hn6A000000YQZfSAO","2018-02-28T21:09:07.000Z"
"6.0","AR-0818","0056A000001mlPTQAY","2018-02-28T21:09:07.000Z","8.0","0.0","1.860385348848","0.0","","false","03r6A000000aq9bQAA","false","false","0056A000001mlPTQAY","2018-02-28T21:09:07.000Z","true","08p6A000000awVuQAI","","0Hn6A000000YQZcSAO","2018-02-28T21:09:07.000Z"
"27.0","AR-0822","0056A000001mlPTQAY","2018-02-28T21:09:07.000Z","14.0","0.0","3.28083989376","0.0","","false","03r6A000000aq9cQAA","false","false","0056A000001mlPTQAY","2018-02-28T21:09:07.000Z","true","08p6A000000awUjQAI","","0Hn6A000000YQZcSAO","2018-02-28T21:09:07.000Z"
"20.0","AR-0823","0056A000001mlPTQAY","2018-02-28T21:09:07.000Z","13.0","0.0","3.063981347752","0.0","","false","03r6A000000aq9dQAA","false","false","0056A000001mlPTQAY","2018-02-28T21:09:07.000Z","true","08p6A000000awUkQAI","","0Hn6A000000YQZfSAO","2018-02-28T21:09:07.000Z"
"7.0","AR-0825","0056A000001mlPTQAY","2018-02-28T21:09:07.000Z","10.0","0.0","2.37985166536","0.0","","false","03r6A000000aq9eQAA","false","false","0056A000001mlPTQAY","2018-02-28T21:09:07.000Z","true","08p6A000000awUlQAI","","0Hn6A000000YQZfSAO","2018-02-28T21:09:07.000Z"
"57.0","AR-0826","0056A000001mlPTQAY","2018-02-28T21:09:07.000Z","9.0","0.0","2.211460072328","0.0","","false","03r6A000000aq9fQAA","false","false","0056A000001mlPTQAY","2018-02-28T21:09:07.000Z","true","08p6A000000awUmQAI","","0Hn6A000000YQZcSAO","2018-02-28T21:09:07.000Z"
"4.0","AR-0829","0056A000001mlPTQAY","2018-02-28T21:09:07.000Z","6.0","8.174759401952","1.291830708168","33.0","","false","03r6A000000aq9gQAA","false","false","0056A000001mlPTQAY","2018-02-28T21:09:07.000Z","true","08p6A000000awUnQAI","","0Hn6A000000YQZcSAO","2018-02-28T21:09:07.000Z"
"51.0","AR-0830","0056A000001mlPTQAY","2018-02-28T21:09:07.000Z","4.0","3.472843592088","0.772985762848","14.0","","false","03r6A000000aq9hQAA","false","false","0056A000001mlPTQAY","2018-02-28T21:09:07.000Z","true","08p6A000000awUoQAI","","0Hn6A000000YQZaSAO","2018-02-28T21:09:07.000Z"
"23.0","AR-1165","0056A000001mlPTQAY","2018-02-28T21:09:07.000Z","5.0","0.0","1.101691123416","0.0","","false","03r6A000000aq9iQAA","false","false","0056A000001mlPTQAY","2018-02-28T21:09:07.000Z","true","08p6A000000awbAQAQ","","0Hn6A000000YQZaSAO","2018-02-28T21:09:07.000Z"
"8.0","AR-0831","0056A000001mlPTQAY","2018-02-28T21:09:07.000Z","10.0","0.0","2.301558895168","0.0","","false","03r6A000000aq9jQAA","false","false","0056A000001mlPTQAY","2018-02-28T21:09:07.000Z","true","08p6A000000awUpQAI","","0Hn6A000000YQZiSAO","2018-02-28T21:09:07.000Z"
"2.0","AR-0837","0056A000001mlPTQAY","2018-02-28T21:09:07.000Z","9.0","0.0","2.052389047176","0.0","","false","03r6A000000aq9kQAA","false","false","0056A000001mlPTQAY","2018-02-28T21:09:07.000Z","true","08p6A000000awUcQAI","","0Hn6A000000YQZbSAO","2018-02-28T21:09:07.000Z"
"34.0","AR-0899","0056A000001mlPTQAY","2018-02-28T21:09:07.000Z","11.0","0.0","2.589253757064","0.0","","false","03r6A000000aq9lQAA","false","false","0056A000001mlPTQAY","2018-02-28T21:09:07.000Z","true","08p6A000000awbrQAA","","0Hn6A000000YQZdSAO","2018-02-28T21:09:07.000Z"
"4.0","AR-0835","0056A000001mlPTQAY","2018-02-28T21:09:07.000Z","14.0","0.0","3.295131431176","0.0","","false","03r6A000000aq9mQAA","false","false","0056A000001mlPTQAY","2018-02-28T21:09:07.000Z","true","08p6A000000awUaQAI","","0Hn6A000000YQZbSAO","2018-02-28T21:09:07.000Z"
"44.0","AR-0836","0056A000001mlPTQAY","2018-02-28T21:09:07.000Z","7.0","0.0","1.504339655832","0.0","","false","03r6A000000aq9nQAA","false","false","0056A000001mlPTQAY","2018-02-28T21:09:07.000Z","true","08p6A000000awUbQAI","","0Hn6A000000YQZbSAO","2018-02-28T21:09:07.000Z"
"15.0","AR-1082","0056A000001mlPTQAY","2018-02-28T21:09:07.000Z","12.0","0.0","2.939707109352","0.0","","false","03r6A000000aq9oQAA","false","false","0056A000001mlPTQAY","2018-02-28T21:09:07.000Z","true","08p6A000000awdxQAA","","0Hn6A000000YQZcSAO","2018-02-28T21:09:07.000Z"
"58.0","AR-0845","0056A000001mlPTQAY","2018-02-28T21:09:07.000Z","30.0","0.0","7.366976852352","0.0","","false","03r6A000000aq9pQAA","false","false","0056A000001mlPTQAY","2018-02-28T21:09:07.000Z","true","08p6A000000awVDQAY","","0Hn6A000000YQZiSAO","2018-02-28T21:09:07.000Z"
"38.0","AR-0846","0056A000001mlPTQAY","2018-02-28T21:09:07.000Z","17.0","2.840909089824","4.031456293696","12.0","","false","03r6A000000aq9qQAA","false","false","0056A000001mlPTQAY","2018-02-28T21:09:07.000Z","true","08p6A000000awVEQAY","","0Hn6A000000YQZhSAO","2018-02-28T21:09:07.000Z"
"37.0","AR-0848","0056A000001mlPTQAY","2018-02-28T21:09:07.000Z","10.0","0.0","2.3456762498","0.0","","false","03r6A000000aq9rQAA","false","false","0056A000001mlPTQAY","2018-02-28T21:09:07.000Z","true","08p6A000000awacQAA","","0Hn6A000000YQZfSAO","2018-02-28T21:09:07.000Z"
"39.0","AR-0852","0056A000001mlPTQAY","2018-02-28T21:09:07.000Z","13.0","0.0","3.05093255272","0.0","","false","03r6A000000aq9sQAA","false","false","0056A000001mlPTQAY","2018-02-28T21:09:07.000Z","true","08p6A000000awaaQAA","","0Hn6A000000YQZgSAO","2018-02-28T21:09:07.000Z"
"18.0","AR-0853","0056A000001mlPTQAY","2018-02-28T21:09:07.000Z","10.0","0.0","2.48859162396","0.0","","false","03r6A000000aq9tQAA","false","false","0056A000001mlPTQAY","2018-02-28T21:09:07.000Z","true","08p6A000000awabQAA","","0Hn6A000000YQZiSAO","2018-02-28T21:09:07.000Z"
"16.0","AR-0856","0056A000001mlPTQAY","2018-02-28T21:09:07.000Z","4.0","1.386900500544","0.855628131384","6.0","","false","03r6A000000aq9uQAA","false","false","0056A000001mlPTQAY","2018-02-28T21:09:07.000Z","true","08p6A000000awadQAA","","0Hn6A000000YQZfSAO","2018-02-28T21:09:07.000Z"
"56.0","AR-0857","0056A000001mlPTQAY","2018-02-28T21:09:07.000Z","19.0","6.423735382896","4.55775769332","26.0","","false","03r6A000000aq9vQAA","false","false","0056A000001mlPTQAY","2018-02-28T21:09:07.000Z","true","08p6A000000awaeQAA","","0Hn6A000000YQZiSAO","2018-02-28T21:09:07.000Z"
"26.0","AR-0859","0056A000001mlPTQAY","2018-02-28T21:09:07.000Z","20.0","0.0","4.884598940312","0.0","","false","03r6A000000aq9wQAA","false","false","0056A000001mlPTQAY","2018-02-28T21:09:07.000Z","true","08p6A000000awUdQAI","","0Hn6A000000YQZbSAO","2018-02-28T21:09:07.000Z"
"26.5","AR-0863","0056A000001mlPTQAY","2018-02-28T21:09:07.000Z","12.0","4.550922610208","2.768830031552","19.0","","false","03r6A000000aq9xQAA","false","false","0056A000001mlPTQAY","2018-02-28T21:09:07.000Z","true","08p6A000000awUfQAI","","0Hn6A000000YQZjSAO","2018-02-28T21:09:07.000Z"
"47.0","AR-0866","0056A000001mlPTQAY","2018-02-28T21:09:07.000Z","14.0","2.502261790184","3.4020072762","10.0","","false","03r6A000000aq9yQAA","false","false","0056A000001mlPTQAY","2018-02-28T21:09:07.000Z","true","08p6A000000awUhQAI","","0Hn6A000000YQZbSAO","2018-02-28T21:09:07.000Z"
"38.0","AR-0869","0056A000001mlPTQAY","2018-02-28T21:09:07.000Z","16.0","0.0","3.846909049672","0.0","","false","03r6A000000aq9zQAA","false","false","0056A000001mlPTQAY","2018-02-28T21:09:07.000Z","true","08p6A000000awUiQAI","","0Hn6A000000YQZgSAO","2018-02-28T21:09:07.000Z"
"20.0","AR-0943","0056A000001mlPTQAY","2018-02-28T21:09:07.000Z","7.0","0.0","1.726790542568","0.0","","false","03r6A000000aqA0QAI","false","false","0056A000001mlPTQAY","2018-02-28T21:09:07.000Z","true","08p6A000000awbXQAQ","","0Hn6A000000YQZgSAO","2018-02-28T21:09:07.000Z"
"48.0","AR-0874","0056A000001mlPTQAY","2018-02-28T21:09:07.000Z","5.0","0.0","1.00662133104","0.0","","false","03r6A000000aqA1QAI","false","false","0056A000001mlPTQAY","2018-02-28T21:09:07.000Z","true","08p6A000000awVJQAY","","0Hn6A000000YQZgSAO","2018-02-28T21:09:07.000Z"
"7.0","AR-0875","0056A000001mlPTQAY","2018-02-28T21:09:07.000Z","24.0","0.0","5.980076351808","0.0","","false","03r6A000000aqA2QAI","false","false","0056A000001mlPTQAY","2018-02-28T21:09:07.000Z","true","08p6A000000awVKQAY","","0Hn6A000000YQZaSAO","2018-02-28T21:09:07.000Z"
"3.0","AR-0876","0056A000001mlPTQAY","2018-02-28T21:09:07.000Z","23.0","0.0","5.659448816736","0.0","","false","03r6A000000aqA3QAI","false","false","0056A000001mlPTQAY","2018-02-28T21:09:07.000Z","true","08p6A000000awVLQAY","","0Hn6A000000YQZiSAO","2018-02-28T21:09:07.000Z"
"12.0","AR-0877","0056A000001mlPTQAY","2018-02-28T21:09:07.000Z","21.0","0.0","5.196527278696","0.0","","false","03r6A000000aqA4QAI","false","false","0056A000001mlPTQAY","2018-02-28T21:09:07.000Z","true","08p6A000000awVMQAY","","0Hn6A000000YQZaSAO","2018-02-28T21:09:07.000Z"
"31.0","AR-0908","0056A000001mlPTQAY","2018-02-28T21:09:07.000Z","7.0","0.0","1.520495306824","0.0","","false","03r6A000000aqA5QAI","false","false","0056A000001mlPTQAY","2018-02-28T21:09:07.000Z","true","08p6A000000awd7QAA","","0Hn6A000000YQZfSAO","2018-02-28T21:09:07.000Z"
"16.0","AR-0878","0056A000001mlPTQAY","2018-02-28T21:09:07.000Z","13.0","0.0","3.107477331192","0.0","","false","03r6A000000aqA6QAI","false","false","0056A000001mlPTQAY","2018-02-28T21:09:07.000Z","true","08p6A000000awVNQAY","","0Hn6A000000YQZcSAO","2018-02-28T21:09:07.000Z"
"6.0","AR-0896","0056A000001mlPTQAY","2018-02-28T21:09:07.000Z","12.0","2.952134533192","2.878191361344","12.0","","false","03r6A000000aqA7QAI","false","false","0056A000001mlPTQAY","2018-02-28T21:09:07.000Z","true","08p6A000000awbqQAA","","0Hn6A000000YQZiSAO","2018-02-28T21:09:07.000Z"
"47.0","AR-0879","0056A000001mlPTQAY","2018-02-28T21:09:07.000Z","18.0","4.47076572644","4.276897914536","18.0","","false","03r6A000000aqA8QAI","false","false","0056A000001mlPTQAY","2018-02-28T21:09:07.000Z","true","08p6A000000awVOQAY","","0Hn6A000000YQZgSAO","2018-02-28T21:09:07.000Z"
"36.0","AR-0913","0056A000001mlPTQAY","2018-02-28T21:09:07.000Z","38.0","0.0","9.413152187608","0.0","","false","03r6A000000aqA9QAI","false","false","0056A000001mlPTQAY","2018-02-28T21:09:07.000Z","true","08p6A000000awdAQAQ","","0Hn6A000000YQZeSAO","2018-02-28T21:09:07.000Z"
"47.0","AR-0883","0056A000001mlPTQAY","2018-02-28T21:09:07.000Z","12.0","0.0","2.775043743472","0.0","","false","03r6A000000aqAAQAY","false","false","0056A000001mlPTQAY","2018-02-28T21:09:07.000Z","true","08p6A000000awVPQAY","","0Hn6A000000YQZhSAO","2018-02-28T21:09:07.000Z"
"38.0","AR-0884","0056A000001mlPTQAY","2018-02-28T21:09:07.000Z","8.0","0.0","1.872812772688","0.0","","false","03r6A000000aqABQAY","false","false","0056A000001mlPTQAY","2018-02-28T21:09:07.000Z","true","08p6A000000awVQQAY","","0Hn6A000000YQZgSAO","2018-02-28T21:09:07.000Z"
"43.0","AR-0885","0056A000001mlPTQAY","2018-02-28T21:09:07.000Z","9.0","0.0","2.096506401808","0.0","","false","03r6A000000aqACQAY","false","false","0056A000001mlPTQAY","2018-02-28T21:09:07.000Z","true","08p6A000000awd0QAA","","0Hn6A000000YQZhSAO","2018-02-28T21:09:07.000Z"
"51.0","AR-0886","0056A000001mlPTQAY","2018-02-28T21:09:07.000Z","11.0","0.0","2.589253757064","0.0","","false","03r6A000000aqADQAY","false","false","0056A000001mlPTQAY","2018-02-28T21:09:07.000Z","true","08p6A000000awd1QAA","","0Hn6A000000YQZaSAO","2018-02-28T21:09:07.000Z"
"10.0","AR-0954","0056A000001mlPTQAY","2018-02-28T21:09:07.000Z","13.0","0.0","3.055282151064","0.0","","false","03r6A000000aqAEQAY","false","false","0056A000001mlPTQAY","2018-02-28T21:09:07.000Z","true","08p6A000000awbfQAA","","0Hn6A000000YQZjSAO","2018-02-28T21:09:07.000Z"
"57.0","AR-0887","0056A000001mlPTQAY","2018-02-28T21:09:07.000Z","11.0","0.0","2.582418673952","0.0","","false","03r6A000000aqAFQAY","false","false","0056A000001mlPTQAY","2018-02-28T21:09:07.000Z","true","08p6A000000awd2QAA","","0Hn6A000000YQZiSAO","2018-02-28T21:09:07.000Z"
"13.0","AR-0949","0056A000001mlPTQAY","2018-02-28T21:09:07.000Z","5.0","0.0","1.224722619432","0.0","","false","03r6A000000aqAGQAY","false","false","0056A000001mlPTQAY","2018-02-28T21:09:07.000Z","true","08p6A000000awbcQAA","","0Hn6A000000YQZjSAO","2018-02-28T21:09:07.000Z"
"52.0","AR-1319","0056A000001mlPTQAY","2018-02-28T21:09:07.000Z","4.0","0.0","0.78603455788","0.0","","false","03r6A000000aqAHQAY","false","false","0056A000001mlPTQAY","2018-02-28T21:09:07.000Z","true","08p6A000000awa2QAA","","0Hn6A000000YQZeSAO","2018-02-28T21:09:07.000Z"
"48.0","AR-0891","0056A000001mlPTQAY","2018-02-28T21:09:07.000Z","21.0","0.0","5.072253040296","0.0","","false","03r6A000000aqAIQAY","false","false","0056A000001mlPTQAY","2018-02-28T21:09:07.000Z","true","08p6A000000awbnQAA","","0Hn6A000000YQZiSAO","2018-02-28T21:09:07.000Z"
"43.0","AR-0893","0056A000001mlPTQAY","2018-02-28T21:09:07.000Z","16.0","0.0","3.937007872512","0.0","","false","03r6A000000aqAJQAY","false","false","0056A000001mlPTQAY","2018-02-28T21:09:07.000Z","true","08p6A000000awboQAA","","0Hn6A000000YQZiSAO","2018-02-28T21:09:07.000Z"
"38.0","AR-0904","0056A000001mlPTQAY","2018-02-28T21:09:07.000Z","59.0","0.0","14.614029064648","0.0","","false","03r6A000000aqAKQAY","false","false","0056A000001mlPTQAY","2018-02-28T21:09:07.000Z","true","08p6A000000awd4QAA","","0Hn6A000000YQZcSAO","2018-02-28T21:09:07.000Z"
"0.0","AR-0894","0056A000001mlPTQAY","2018-02-28T21:09:07.000Z","14.0","0.0","3.440532290104","0.0","","false","03r6A000000aqALQAY","false","false","0056A000001mlPTQAY","2018-02-28T21:09:07.000Z","true","08p6A000000awbpQAA","","0Hn6A000000YQZeSAO","2018-02-28T21:09:07.000Z"
"31.0","AR-0905","0056A000001mlPTQAY","2018-02-28T21:09:07.000Z","32.0","11.054814876872","7.887064540056","45.0","","false","03r6A000000aqAMQAY","false","false","0056A000001mlPTQAY","2018-02-28T21:09:07.000Z","true","08p6A000000awd5QAA","","0Hn6A000000YQZcSAO","2018-02-28T21:09:07.000Z"
"55.0","AR-0906","0056A000001mlPTQAY","2018-02-28T21:09:07.000Z","14.0","0.0","3.290781832832","0.0","","false","03r6A000000aqANQAY","false","false","0056A000001mlPTQAY","2018-02-28T21:09:07.000Z","true","08p6A000000awd6QAA","","0Hn6A000000YQZdSAO","2018-02-28T21:09:07.000Z"
"3.0","AR-0912","0056A000001mlPTQAY","2018-02-28T21:09:07.000Z","13.0","0.0","3.131089436488","0.0","","false","03r6A000000aqAOQAY","false","false","0056A000001mlPTQAY","2018-02-28T21:09:07.000Z","true","08p6A000000awd9QAA","","0Hn6A000000YQZeSAO","2018-02-28T21:09:07.000Z"
"54.0","AR-0915","0056A000001mlPTQAY","2018-02-28T21:09:07.000Z","24.0","0.0","5.781237570368","0.0","","false","03r6A000000aqAPQAY","false","false","0056A000001mlPTQAY","2018-02-28T21:09:07.000Z","true","08p6A000000awdBQAQ","","0Hn6A000000YQZdSAO","2018-02-28T21:09:07.000Z"
"12.0","AR-0916","0056A000001mlPTQAY","2018-02-28T21:09:07.000Z","25.0","0.0","6.135419149808","0.0","","false","03r6A000000aqAQQAY","false","false","0056A000001mlPTQAY","2018-02-28T21:09:07.000Z","true","08p6A000000awdCQAQ","","0Hn6A000000YQZeSAO","2018-02-28T21:09:07.000Z"
"38.0","AR-0918","0056A000001mlPTQAY","2018-02-28T21:09:07.000Z","18.0","6.31313131072","4.469522984056","26.0","","false","03r6A000000aqARQAY","false","false","0056A000001mlPTQAY","2018-02-28T21:09:07.000Z","true","08p6A000000awdDQAQ","","0Hn6A000000YQZdSAO","2018-02-28T21:09:07.000Z"
"22.0","AR-0919","0056A000001mlPTQAY","2018-02-28T21:09:07.000Z","18.0","0.0","4.37756004764","0.0","","false","03r6A000000aqASQAY","false","false","0056A000001mlPTQAY","2018-02-28T21:09:07.000Z","true","08p6A000000awd8QAA","","0Hn6A000000YQZfSAO","2018-02-28T21:09:07.000Z"
"5.0","AR-0920","0056A000001mlPTQAY","2018-02-28T21:09:07.000Z","32.0","7.860966949992","7.951065772832","32.0","","false","03r6A000000aqATQAY","false","false","0056A000001mlPTQAY","2018-02-28T21:09:07.000Z","true","08p6A000000awcHQAQ","","0Hn6A000000YQZaSAO","2018-02-28T21:09:07.000Z"
"50.0","AR-1062","0056A000001mlPTQAY","2018-02-28T21:09:07.000Z","8.0","3.034776901728","1.780849836272","13.0","","false","03r6A000000aqAUQAY","false","false","0056A000001mlPTQAY","2018-02-28T21:09:07.000Z","true","08p6A000000awbiQAA","","0Hn6A000000YQZiSAO","2018-02-28T21:09:07.000Z"
"6.0","AR-0923","0056A000001mlPTQAY","2018-02-28T21:09:07.000Z","4.0","0.0","0.931435416808","0.0","","false","03r6A000000aqAVQAY","false","false","0056A000001mlPTQAY","2018-02-28T21:09:07.000Z","true","08p6A000000awcIQAQ","","0Hn6A000000YQZhSAO","2018-02-28T21:09:07.000Z"
"28.0","AR-0927","0056A000001mlPTQAY","2018-02-28T21:09:07.000Z","11.0","0.0","2.708557025928","0.0","","false","03r6A000000aqAWQAY","false","false","0056A000001mlPTQAY","2018-02-28T21:09:07.000Z","true","08p6A000000awcJQAQ","","0Hn6A000000YQZfSAO","2018-02-28T21:09:07.000Z"
"42.0","AR-0928","0056A000001mlPTQAY","2018-02-28T21:09:07.000Z","10.0","0.0","2.391657718008","0.0","","false","03r6A000000aqAXQAY","false","false","0056A000001mlPTQAY","2018-02-28T21:09:07.000Z","true","08p6A000000awcKQAQ","","0Hn6A000000YQZfSAO","2018-02-28T21:09:07.000Z"
"5.0","AR-1080","0056A000001mlPTQAY","2018-02-28T21:09:07.000Z","38.0","3.630671874856","9.310004569736","15.0","","false","03r6A000000aqAYQAY","false","false","0056A000001mlPTQAY","2018-02-28T21:09:07.000Z","true","08p6A000000awdvQAA","","0Hn6A000000YQZeSAO","2018-02-28T21:09:07.000Z"
"33.0","AR-0930","0056A000001mlPTQAY","2018-02-28T21:09:07.000Z","22.0","0.0","5.377346295568","0.0","","false","03r6A000000aqAZQAY","false","false","0056A000001mlPTQAY","2018-02-28T21:09:07.000Z","true","08p6A000000awcLQAQ","","0Hn6A000000YQZiSAO","2018-02-28T21:09:07.000Z"
"13.0","AR-0932","0056A000001mlPTQAY","2018-02-28T21:09:07.000Z","7.0","0.0","1.637934462112","0.0","","false","03r6A000000aqAaQAI","false","false","0056A000001mlPTQAY","2018-02-28T21:09:07.000Z","true","08p6A000000awcMQAQ","","0Hn6A000000YQZbSAO","2018-02-28T21:09:07.000Z"
"55.0","AR-0933","0056A000001mlPTQAY","2018-02-28T21:09:07.000Z","17.0","0.0","4.18493497812","0.0","","false","03r6A000000aqAbQAI","false","false","0056A000001mlPTQAY","2018-02-28T21:09:07.000Z","true","08p6A000000awcNQAQ","","0Hn6A000000YQZhSAO","2018-02-28T21:09:07.000Z"
"8.5","AR-0934","0056A000001mlPTQAY","2018-02-28T21:09:07.000Z","4.0","0.0","0.995436649584","0.0","","false","03r6A000000aqAcQAI","false","false","0056A000001mlPTQAY","2018-02-28T21:09:07.000Z","true","08p6A000000awcOQAQ","","0Hn6A000000YQZjSAO","2018-02-28T21:09:07.000Z"
"32.0","AR-0935","0056A000001mlPTQAY","2018-02-28T21:09:07.000Z","14.0","0.0","3.269655212304","0.0","","false","03r6A000000aqAdQAI","false","false","0056A000001mlPTQAY","2018-02-28T21:09:07.000Z","true","08p6A000000awcPQAQ","","0Hn6A000000YQZbSAO","2018-02-28T21:09:07.000Z"
"21.0","AR-0936","0056A000001mlPTQAY","2018-02-28T21:09:07.000Z","9.0","1.185576234336","2.161750376968","5.0","","false","03r6A000000aqAeQAI","false","false","0056A000001mlPTQAY","2018-02-28T21:09:07.000Z","true","08p6A000000awcQQAQ","","0Hn6A000000YQZhSAO","2018-02-28T21:09:07.000Z"
"24.0","AR-0937","0056A000001mlPTQAY","2018-02-28T21:09:07.000Z","17.0","0.0","4.195498288384","0.0","","false","03r6A000000aqAfQAI","false","false","0056A000001mlPTQAY","2018-02-28T21:09:07.000Z","true","08p6A000000awcRQAQ","","0Hn6A000000YQZgSAO","2018-02-28T21:09:07.000Z"
"39.0","AR-0984","0056A000001mlPTQAY","2018-02-28T21:09:07.000Z","14.0","0.0","3.340491528192","0.0","","false","03r6A000000aqAgQAI","false","false","0056A000001mlPTQAY","2018-02-28T21:09:07.000Z","true","08p6A000000awWkQAI","","0Hn6A000000YQZiSAO","2018-02-28T21:09:07.000Z"
"30.0","AR-0939","0056A000001mlPTQAY","2018-02-28T21:09:07.000Z","11.0","0.0","2.554456970312","0.0","","false","03r6A000000aqAhQAI","false","false","0056A000001mlPTQAY","2018-02-28T21:09:07.000Z","true","08p6A000000awcTQAQ","","0Hn6A000000YQZiSAO","2018-02-28T21:09:07.000Z"
"55.0","AR-0940","0056A000001mlPTQAY","2018-02-28T21:09:07.000Z","11.0","0.0","2.676245723944","0.0","","false","03r6A000000aqAiQAI","false","false","0056A000001mlPTQAY","2018-02-28T21:09:07.000Z","true","08p6A000000awcUQAQ","","0Hn6A000000YQZgSAO","2018-02-28T21:09:07.000Z"
"53.0","AR-0941","0056A000001mlPTQAY","2018-02-28T21:09:07.000Z","16.0","3.554864589432","3.910910282448","15.0","","false","03r6A000000aqAjQAI","false","false","0056A000001mlPTQAY","2018-02-28T21:09:07.000Z","true","08p6A000000awbWQAQ","","0Hn6A000000YQZgSAO","2018-02-28T21:09:07.000Z"
"28.0","AR-0944","0056A000001mlPTQAY","2018-02-28T21:09:07.000Z","21.0","0.0","5.16359460552","0.0","","false","03r6A000000aqAkQAI","false","false","0056A000001mlPTQAY","2018-02-28T21:09:07.000Z","true","08p6A000000awbYQAQ","","0Hn6A000000YQZiSAO","2018-02-28T21:09:07.000Z"
"40.0","AR-0946","0056A000001mlPTQAY","2018-02-28T21:09:07.000Z","8.0","0.0","1.9324644071200001","0.0","","false","03r6A000000aqAlQAI","false","false","0056A000001mlPTQAY","2018-02-28T21:09:07.000Z","true","08p6A000000awbZQAQ","","0Hn6A000000YQZiSAO","2018-02-28T21:09:07.000Z"
"12.0","AR-0947","0056A000001mlPTQAY","2018-02-28T21:09:07.000Z","33.0","0.0","8.154254152616","0.0","","false","03r6A000000aqAmQAI","false","false","0056A000001mlPTQAY","2018-02-28T21:09:07.000Z","true","08p6A000000awbaQAA","","0Hn6A000000YQZdSAO","2018-02-28T21:09:07.000Z"
"57.0","AR-0948","0056A000001mlPTQAY","2018-02-28T21:09:07.000Z","13.0","4.728013399928","3.210003577872","19.0","","false","03r6A000000aqAnQAI","false","false","0056A000001mlPTQAY","2018-02-28T21:09:07.000Z","true","08p6A000000awbbQAA","","0Hn6A000000YQZfSAO","2018-02-28T21:09:07.000Z"
"53.0","AR-0951","0056A000001mlPTQAY","2018-02-28T21:09:07.000Z","23.0","0.0","5.67311898296","0.0","","false","03r6A000000aqAoQAI","false","false","0056A000001mlPTQAY","2018-02-28T21:09:07.000Z","true","08p6A000000awbdQAA","","0Hn6A000000YQZdSAO","2018-02-28T21:09:07.000Z"
"14.5","AR-1088","0056A000001mlPTQAY","2018-02-28T21:09:07.000Z","6.0","0.0","1.464571899544","0.0","","false","03r6A000000aqApQAI","false","false","0056A000001mlPTQAY","2018-02-28T21:09:07.000Z","true","08p6A000000awbtQAA","","0Hn6A000000YQZjSAO","2018-02-28T21:09:07.000Z"
"4.0","AR-0955","0056A000001mlPTQAY","2018-02-28T21:09:07.000Z","11.0","0.0","2.684944920632","0.0","","false","03r6A000000aqAqQAI","false","false","0056A000001mlPTQAY","2018-02-28T21:09:07.000Z","true","08p6A000000awbgQAA","","0Hn6A000000YQZjSAO","2018-02-28T21:09:07.000Z"
"1.0","AR-0957","0056A000001mlPTQAY","2018-02-28T21:09:07.000Z","4.0","0.0","0.9743100290560001","0.0","","false","03r6A000000aqArQAI","false","false","0056A000001mlPTQAY","2018-02-28T21:09:07.000Z","true","08p6A000000awbhQAA","","0Hn6A000000YQZgSAO","2018-02-28T21:09:07.000Z"
"10.0","AR-0959","0056A000001mlPTQAY","2018-02-28T21:09:07.000Z","19.0","8.4506482112","4.567699632392","34.0","","false","03r6A000000aqAsQAI","false","false","0056A000001mlPTQAY","2018-02-28T21:09:07.000Z","true","08p6A000000awdYQAQ","","0Hn6A000000YQZiSAO","2018-02-28T21:09:07.000Z"
"4.0","AR-1069","0056A000001mlPTQAY","2018-02-28T21:09:07.000Z","9.0","0.0","2.006407578968","0.0","","false","03r6A000000aqAtQAI","false","false","0056A000001mlPTQAY","2018-02-28T21:09:07.000Z","true","08p6A000000awdUQAQ","","0Hn6A000000YQZhSAO","2018-02-28T21:09:07.000Z"
"10.5","AR-0963","0056A000001mlPTQAY","2018-02-28T21:09:07.000Z","13.0","0.0","3.065845461328","0.0","","false","03r6A000000aqAuQAI","false","false","0056A000001mlPTQAY","2018-02-28T21:09:07.000Z","true","08p6A000000awdWQAQ","","0Hn6A000000YQZjSAO","2018-02-28T21:09:07.000Z"
"21.0","AR-0964","0056A000001mlPTQAY","2018-02-28T21:09:07.000Z","12.0","0.0","2.962076472264","0.0","","false","03r6A000000aqAvQAI","false","false","0056A000001mlPTQAY","2018-02-28T21:09:07.000Z","true","08p6A000000awdXQAQ","","0Hn6A000000YQZaSAO","2018-02-28T21:09:07.000Z"
"6.0","AR-0990","0056A000001mlPTQAY","2018-02-28T21:09:07.000Z","13.0","0.0","3.057767635832","0.0","","false","03r6A000000aqAwQAI","false","false","0056A000001mlPTQAY","2018-02-28T21:09:07.000Z","true","08p6A000000awWoQAI","","0Hn6A000000YQZbSAO","2018-02-28T21:09:07.000Z"
"15.0","AR-0970","0056A000001mlPTQAY","2018-02-28T21:09:07.000Z","25.0","3.262198758","6.069553803456","14.0","","false","03r6A000000aqAxQAI","false","false","0056A000001mlPTQAY","2018-02-28T21:09:07.000Z","true","08p6A000000awdZQAQ","","0Hn6A000000YQZbSAO","2018-02-28T21:09:07.000Z"
"35.0","AR-0971","0056A000001mlPTQAY","2018-02-28T21:09:07.000Z","10.0","0.0","2.48237791204","0.0","","false","03r6A000000aqAyQAI","false","false","0056A000001mlPTQAY","2018-02-28T21:09:07.000Z","true","08p6A000000awdaQAA","","0Hn6A000000YQZaSAO","2018-02-28T21:09:07.000Z"
"7.0","AR-0972","0056A000001mlPTQAY","2018-02-28T21:09:07.000Z","8.0","3.017999879544","1.888347052488","13.0","","false","03r6A000000aqAzQAI","false","false","0056A000001mlPTQAY","2018-02-28T21:09:07.000Z","true","08p6A000000awdbQAA","","0Hn6A000000YQZjSAO","2018-02-28T21:09:07.000Z"
"34.0","AR-0973","0056A000001mlPTQAY","2018-02-28T21:09:07.000Z","3.0","0.0","0.731353892984","0.0","","false","03r6A000000aqB0QAI","false","false","0056A000001mlPTQAY","2018-02-28T21:09:07.000Z","true","08p6A000000awdcQAA","","0Hn6A000000YQZbSAO","2018-02-28T21:09:07.000Z"
"33.0","AR-0974","0056A000001mlPTQAY","2018-02-28T21:09:07.000Z","9.0","0.0","2.11576890876","0.0","","false","03r6A000000aqB1QAI","false","false","0056A000001mlPTQAY","2018-02-28T21:09:07.000Z","true","08p6A000000awddQAA","","0Hn6A000000YQZgSAO","2018-02-28T21:09:07.000Z"
"29.0","AR-1023","0056A000001mlPTQAY","2018-02-28T21:09:07.000Z","7.0","0.0","1.555292093576","0.0","","false","03r6A000000aqB2QAI","false","false","0056A000001mlPTQAY","2018-02-28T21:09:07.000Z","true","08p6A000000awVZQAY","","0Hn6A000000YQZhSAO","2018-02-28T21:09:07.000Z"
"13.0","AR-1039","0056A000001mlPTQAY","2018-02-28T21:09:07.000Z","29.0","0.0","7.244566727528","0.0","","false","03r6A000000aqB3QAI","false","false","0056A000001mlPTQAY","2018-02-28T21:09:07.000Z","true","08p6A000000awVeQAI","","0Hn6A000000YQZhSAO","2018-02-28T21:09:07.000Z"
"39.0","AR-1083","0056A000001mlPTQAY","2018-02-28T21:09:07.000Z","10.0","0.0","2.304665751128","0.0","","false","03r6A000000aqB4QAI","false","false","0056A000001mlPTQAY","2018-02-28T21:09:07.000Z","true","08p6A000000awdyQAA","","0Hn6A000000YQZcSAO","2018-02-28T21:09:07.000Z"
"59.0","AR-0977","0056A000001mlPTQAY","2018-02-28T21:09:07.000Z","22.0","0.0","5.341306766432","0.0","","false","03r6A000000aqB5QAI","false","false","0056A000001mlPTQAY","2018-02-28T21:09:07.000Z","true","08p6A000000awdeQAA","","0Hn6A000000YQZaSAO","2018-02-28T21:09:07.000Z"
"18.0","AR-0981","0056A000001mlPTQAY","2018-02-28T21:09:07.000Z","7.0","0.0","1.589467509136","0.0","","false","03r6A000000aqB6QAI","false","false","0056A000001mlPTQAY","2018-02-28T21:09:07.000Z","true","08p6A000000awWdQAI","","0Hn6A000000YQZjSAO","2018-02-28T21:09:07.000Z"
"28.0","AR-0983","0056A000001mlPTQAY","2018-02-28T21:09:07.000Z","7.0","3.577855323536","1.746674420712","15.0","","false","03r6A000000aqB7QAI","false","false","0056A000001mlPTQAY","2018-02-28T21:09:07.000Z","true","08p6A000000awWtQAI","","0Hn6A000000YQZaSAO","2018-02-28T21:09:07.000Z"
"5.0","AR-0985","0056A000001mlPTQAY","2018-02-28T21:09:07.000Z","3.0","0.0","0.746266801592","0.0","","false","03r6A000000aqB8QAI","false","false","0056A000001mlPTQAY","2018-02-28T21:09:07.000Z","true","08p6A000000awWlQAI","","0Hn6A000000YQZgSAO","2018-02-28T21:09:07.000Z"
"50.0","AR-0989","0056A000001mlPTQAY","2018-02-28T21:09:07.000Z","10.0","0.0","2.436396443832","0.0","","false","03r6A000000aqB9QAI","false","false","0056A000001mlPTQAY","2018-02-28T21:09:07.000Z","true","08p6A000000awWnQAI","","0Hn6A000000YQZbSAO","2018-02-28T21:09:07.000Z"
"4.5","AR-0991","0056A000001mlPTQAY","2018-02-28T21:09:07.000Z","7.0","0.0","1.570826373376","0.0","","false","03r6A000000aqBAQAY","false","false","0056A000001mlPTQAY","2018-02-28T21:09:07.000Z","true","08p6A000000awWpQAI","","0Hn6A000000YQZjSAO","2018-02-28T21:09:07.000Z"
"3.0","AR-1015","0056A000001mlPTQAY","2018-02-28T21:09:07.000Z","6.0","0.0","1.47886343696","0.0","","false","03r6A000000aqBBQAY","false","false","0056A000001mlPTQAY","2018-02-28T21:09:07.000Z","true","08p6A000000awVGQAY","","0Hn6A000000YQZgSAO","2018-02-28T21:09:07.000Z"
"28.0","AR-0995","0056A000001mlPTQAY","2018-02-28T21:09:07.000Z","22.0","0.0","5.295946669416","0.0","","false","03r6A000000aqBCQAY","false","false","0056A000001mlPTQAY","2018-02-28T21:09:07.000Z","true","08p6A000000awWrQAI","","0Hn6A000000YQZcSAO","2018-02-28T21:09:07.000Z"
"0.0","AR-1322","0056A000001mlPTQAY","2018-02-28T21:09:07.000Z","10.0","0.0","2.47927105608","0.0","","false","03r6A000000aqBDQAY","false","false","0056A000001mlPTQAY","2018-02-28T21:09:07.000Z","true","08p6A000000awaFQAQ","","0Hn6A000000YQZeSAO","2018-02-28T21:09:07.000Z"
"31.0","AR-0997","0056A000001mlPTQAY","2018-02-28T21:09:07.000Z","29.0","0.0","7.224061478192","0.0","","false","03r6A000000aqBEQAY","false","false","0056A000001mlPTQAY","2018-02-28T21:09:07.000Z","true","08p6A000000awWsQAI","","0Hn6A000000YQZcSAO","2018-02-28T21:09:07.000Z"
"38.0","AR-0999","0056A000001mlPTQAY","2018-02-28T21:09:07.000Z","27.0","0.0","6.610146740496","0.0","","false","03r6A000000aqBFQAY","false","false","0056A000001mlPTQAY","2018-02-28T21:09:07.000Z","true","08p6A000000awVXQAY","","0Hn6A000000YQZcSAO","2018-02-28T21:09:07.000Z"
"11.0","AR-1054","0056A000001mlPTQAY","2018-02-28T21:09:07.000Z","22.0","5.777509343216","5.363054758152","24.0","","false","03r6A000000aqBGQAY","false","false","0056A000001mlPTQAY","2018-02-28T21:09:07.000Z","true","08p6A000000awWhQAI","","0Hn6A000000YQZbSAO","2018-02-28T21:09:07.000Z"
"45.0","AR-1002","0056A000001mlPTQAY","2018-02-28T21:09:07.000Z","5.0","15.95991906652","1.053845541632","64.0","","false","03r6A000000aqBHQAY","false","false","0056A000001mlPTQAY","2018-02-28T21:09:07.000Z","true","08p6A000000awVYQAY","","0Hn6A000000YQZeSAO","2018-02-28T21:09:07.000Z"
"12.0","AR-1004","0056A000001mlPTQAY","2018-02-28T21:09:07.000Z","14.0","0.0","3.409463730504","0.0","","false","03r6A000000aqBIQAY","false","false","0056A000001mlPTQAY","2018-02-28T21:09:07.000Z","true","08p6A000000awc7QAA","","0Hn6A000000YQZgSAO","2018-02-28T21:09:07.000Z"
"14.0","AR-1006","0056A000001mlPTQAY","2018-02-28T21:09:07.000Z","23.0","0.0","5.590476614424","0.0","","false","03r6A000000aqBJQAY","false","false","0056A000001mlPTQAY","2018-02-28T21:09:07.000Z","true","08p6A000000awc8QAA","","0Hn6A000000YQZcSAO","2018-02-28T21:09:07.000Z"
"40.0","AR-1041","0056A000001mlPTQAY","2018-02-28T21:09:07.000Z","12.0","0.0","2.863278452736","0.0","","false","03r6A000000aqBKQAY","false","false","0056A000001mlPTQAY","2018-02-28T21:09:07.000Z","true","08p6A000000awcGQAQ","","0Hn6A000000YQZaSAO","2018-02-28T21:09:07.000Z"
"7.5","AR-1007","0056A000001mlPTQAY","2018-02-28T21:09:07.000Z","3.0","0.0","0.55612721684","0.0","","false","03r6A000000aqBLQAY","false","false","0056A000001mlPTQAY","2018-02-28T21:09:07.000Z","true","08p6A000000awc9QAA","","0Hn6A000000YQZjSAO","2018-02-28T21:09:07.000Z"
"5.0","AR-1177","0056A000001mlPTQAY","2018-02-28T21:09:07.000Z","11.0","0.0","2.741489699104","0.0","","false","03r6A000000aqBMQAY","false","false","0056A000001mlPTQAY","2018-02-28T21:09:07.000Z","true","08p6A000000awaWQAQ","","0Hn6A000000YQZjSAO","2018-02-28T21:09:07.000Z"
"4.0","AR-1179","0056A000001mlPTQAY","2018-02-28T21:09:07.000Z","9.0","0.0","2.136895529288","0.0","","false","03r6A000000aqBNQAY","false","false","0056A000001mlPTQAY","2018-02-28T21:09:07.000Z","true","08p6A000000awaYQAQ","","0Hn6A000000YQZhSAO","2018-02-28T21:09:07.000Z"
"27.0","AR-1026","0056A000001mlPTQAY","2018-02-28T21:09:07.000Z","8.0","5.20087687704","1.799490972032","21.0","","false","03r6A000000aqBOQAY","false","false","0056A000001mlPTQAY","2018-02-28T21:09:07.000Z","true","08p6A000000awVbQAI","","0Hn6A000000YQZfSAO","2018-02-28T21:09:07.000Z"
"4.0","AR-1012","0056A000001mlPTQAY","2018-02-28T21:09:07.000Z","14.0","0.0","3.297616915944","0.0","","false","03r6A000000aqBPQAY","false","false","0056A000001mlPTQAY","2018-02-28T21:09:07.000Z","true","08p6A000000awcAQAQ","","0Hn6A000000YQZfSAO","2018-02-28T21:09:07.000Z"
"14.0","AR-1013","0056A000001mlPTQAY","2018-02-28T21:09:07.000Z","21.0","0.0","5.048640935","0.0","","false","03r6A000000aqBQQAY","false","false","0056A000001mlPTQAY","2018-02-28T21:09:07.000Z","true","08p6A000000awcBQAQ","","0Hn6A000000YQZaSAO","2018-02-28T21:09:07.000Z"
"58.0","AR-1014","0056A000001mlPTQAY","2018-02-28T21:09:07.000Z","13.0","0.0","3.160293882512","0.0","","false","03r6A000000aqBRQAY","false","false","0056A000001mlPTQAY","2018-02-28T21:09:07.000Z","true","08p6A000000awVFQAY","","0Hn6A000000YQZfSAO","2018-02-28T21:09:07.000Z"
"1.0","AR-1016","0056A000001mlPTQAY","2018-02-28T21:09:07.000Z","19.0","0.0","4.679546446952","0.0","","false","03r6A000000aqBSQAY","false","false","0056A000001mlPTQAY","2018-02-28T21:09:07.000Z","true","08p6A000000awVHQAY","","0Hn6A000000YQZfSAO","2018-02-28T21:09:07.000Z"
"47.0","AR-1018","0056A000001mlPTQAY","2018-02-28T21:09:07.000Z","13.0","0.0","3.219324145752","0.0","","false","03r6A000000aqBTQAY","false","false","0056A000001mlPTQAY","2018-02-28T21:09:07.000Z","true","08p6A000000awVIQAY","","0Hn6A000000YQZaSAO","2018-02-28T21:09:07.000Z"
"32.0","AR-1046","0056A000001mlPTQAY","2018-02-28T21:09:07.000Z","61.0","0.0","15.103048192752","0.0","","false","03r6A000000aqBUQAY","false","false","0056A000001mlPTQAY","2018-02-28T21:09:07.000Z","true","08p6A000000awWeQAI","","0Hn6A000000YQZeSAO","2018-02-28T21:09:07.000Z"
"13.0","AR-1025","0056A000001mlPTQAY","2018-02-28T21:09:07.000Z","3.0","0.0","0.668595402592","0.0","","false","03r6A000000aqBVQAY","false","false","0056A000001mlPTQAY","2018-02-28T21:09:07.000Z","true","08p6A000000awVaQAI","","0Hn6A000000YQZfSAO","2018-02-28T21:09:07.000Z"
"28.0","AR-1027","0056A000001mlPTQAY","2018-02-28T21:09:07.000Z","6.0","0.0","1.327248866112","0.0","","false","03r6A000000aqBWQAY","false","false","0056A000001mlPTQAY","2018-02-28T21:09:07.000Z","true","08p6A000000awVcQAI","","0Hn6A000000YQZiSAO","2018-02-28T21:09:07.000Z"
"14.5","AR-1028","0056A000001mlPTQAY","2018-02-28T21:09:07.000Z","5.0","0.0","1.079321760504","0.0","","false","03r6A000000aqBXQAY","false","false","0056A000001mlPTQAY","2018-02-28T21:09:07.000Z","true","08p6A000000awVdQAI","","0Hn6A000000YQZjSAO","2018-02-28T21:09:07.000Z"
"11.0","AR-1030","0056A000001mlPTQAY","2018-02-28T21:09:07.000Z","9.0","0.0","2.21829515544","0.0","","false","03r6A000000aqBYQAY","false","false","0056A000001mlPTQAY","2018-02-28T21:09:07.000Z","true","08p6A000000awcCQAQ","","0Hn6A000000YQZaSAO","2018-02-28T21:09:07.000Z"
"41.0","AR-1067","0056A000001mlPTQAY","2018-02-28T21:09:07.000Z","21.0","0.0","5.168565575056","0.0","","false","03r6A000000aqBZQAY","false","false","0056A000001mlPTQAY","2018-02-28T21:09:07.000Z","true","08p6A000000awblQAA","","0Hn6A000000YQZcSAO","2018-02-28T21:09:07.000Z"
"42.0","AR-1031","0056A000001mlPTQAY","2018-02-28T21:09:07.000Z","7.0","12.963667178696","1.744810307136","52.0","","false","03r6A000000aqBaQAI","false","false","0056A000001mlPTQAY","2018-02-28T21:09:07.000Z","true","08p6A000000awcDQAQ","","0Hn6A000000YQZcSAO","2018-02-28T21:09:07.000Z"
"33.0","AR-1033","0056A000001mlPTQAY","2018-02-28T21:09:07.000Z","6.0","0.0","1.383793644584","0.0","","false","03r6A000000aqBbQAI","false","false","0056A000001mlPTQAY","2018-02-28T21:09:07.000Z","true","08p6A000000awcEQAQ","","0Hn6A000000YQZfSAO","2018-02-28T21:09:07.000Z"
"31.0","AR-1034","0056A000001mlPTQAY","2018-02-28T21:09:07.000Z","8.0","0.0","1.790791775344","0.0","","false","03r6A000000aqBcQAI","false","false","0056A000001mlPTQAY","2018-02-28T21:09:07.000Z","true","08p6A000000awcFQAQ","","0Hn6A000000YQZhSAO","2018-02-28T21:09:07.000Z"
"18.5","AR-1035","0056A000001mlPTQAY","2018-02-28T21:09:07.000Z","7.0","0.0","1.708770778","0.0","","false","03r6A000000aqBdQAI","false","false","0056A000001mlPTQAY","2018-02-28T21:09:07.000Z","true","08p6A000000awWuQAI","","0Hn6A000000YQZjSAO","2018-02-28T21:09:07.000Z"
"32.0","AR-1055","0056A000001mlPTQAY","2018-02-28T21:09:07.000Z","10.0","0.0","2.344433507416","0.0","","false","03r6A000000aqBeQAI","false","false","0056A000001mlPTQAY","2018-02-28T21:09:07.000Z","true","08p6A000000awWiQAI","","0Hn6A000000YQZhSAO","2018-02-28T21:09:07.000Z"
"2.0","AR-1036","0056A000001mlPTQAY","2018-02-28T21:09:07.000Z","19.0","0.0","4.522960906568","0.0","","false","03r6A000000aqBfQAI","false","false","0056A000001mlPTQAY","2018-02-28T21:09:07.000Z","true","08p6A000000awWvQAI","","0Hn6A000000YQZhSAO","2018-02-28T21:09:07.000Z"
"8.0","AR-1040","0056A000001mlPTQAY","2018-02-28T21:09:07.000Z","16.0","9.234818655504","3.808384035768","37.0","","false","03r6A000000aqBgQAI","false","false","0056A000001mlPTQAY","2018-02-28T21:09:07.000Z","true","08p6A000000awVfQAI","","0Hn6A000000YQZhSAO","2018-02-28T21:09:07.000Z"
"29.0","AR-1065","0056A000001mlPTQAY","2018-02-28T21:09:07.000Z","20.0","0.0","4.77523761052","0.0","","false","03r6A000000aqBhQAI","false","false","0056A000001mlPTQAY","2018-02-28T21:09:07.000Z","true","08p6A000000awbjQAA","","0Hn6A000000YQZcSAO","2018-02-28T21:09:07.000Z"
"56.0","AR-1050","0056A000001mlPTQAY","2018-02-28T21:09:07.000Z","8.0","13.381849990912","1.86100672004","54.0","","false","03r6A000000aqBiQAI","false","false","0056A000001mlPTQAY","2018-02-28T21:09:07.000Z","true","08p6A000000awWwQAI","","0Hn6A000000YQZeSAO","2018-02-28T21:09:07.000Z"
"23.0","AR-1053","0056A000001mlPTQAY","2018-02-28T21:09:07.000Z","15.0","5.392880575368","3.631293246048","22.0","","false","03r6A000000aqBjQAI","false","false","0056A000001mlPTQAY","2018-02-28T21:09:07.000Z","true","08p6A000000awWgQAI","","0Hn6A000000YQZgSAO","2018-02-28T21:09:07.000Z"
"26.0","AR-1060","0056A000001mlPTQAY","2018-02-28T21:09:07.000Z","8.0","0.0","1.754752246208","0.0","","false","03r6A000000aqBkQAI","false","false","0056A000001mlPTQAY","2018-02-28T21:09:07.000Z","true","08p6A000000awWjQAI","","0Hn6A000000YQZhSAO","2018-02-28T21:09:07.000Z"
"4.0","AR-1066","0056A000001mlPTQAY","2018-02-28T21:09:07.000Z","14.0","0.0","3.341112899384","0.0","","false","03r6A000000aqBlQAI","false","false","0056A000001mlPTQAY","2018-02-28T21:09:07.000Z","true","08p6A000000awbkQAA","","0Hn6A000000YQZfSAO","2018-02-28T21:09:07.000Z"
"48.0","AR-1068","0056A000001mlPTQAY","2018-02-28T21:09:07.000Z","17.0","0.0","4.22221724964","0.0","","false","03r6A000000aqBmQAI","false","false","0056A000001mlPTQAY","2018-02-28T21:09:07.000Z","true","08p6A000000awbmQAA","","0Hn6A000000YQZcSAO","2018-02-28T21:09:07.000Z"
"39.0","AR-1070","0056A000001mlPTQAY","2018-02-28T21:09:07.000Z","18.0","0.0","4.383152388368","0.0","","false","03r6A000000aqBnQAI","false","false","0056A000001mlPTQAY","2018-02-28T21:09:07.000Z","true","08p6A000000awdVQAQ","","0Hn6A000000YQZcSAO","2018-02-28T21:09:07.000Z"
"44.0","AR-1074","0056A000001mlPTQAY","2018-02-28T21:09:07.000Z","32.0","0.0","7.99083352912","0.0","","false","03r6A000000aqBoQAI","false","false","0056A000001mlPTQAY","2018-02-28T21:09:07.000Z","true","08p6A000000awc6QAA","","0Hn6A000000YQZeSAO","2018-02-28T21:09:07.000Z"
"40.0","AR-1076","0056A000001mlPTQAY","2018-02-28T21:09:07.000Z","6.0","0.0","1.380686788624","0.0","","false","03r6A000000aqBpQAI","false","false","0056A000001mlPTQAY","2018-02-28T21:09:07.000Z","true","08p6A000000awdsQAA","","0Hn6A000000YQZeSAO","2018-02-28T21:09:07.000Z"
"51.0","AR-1077","0056A000001mlPTQAY","2018-02-28T21:09:07.000Z","22.0","10.402375125272","5.486086254168","42.0","","false","03r6A000000aqBqQAI","false","false","0056A000001mlPTQAY","2018-02-28T21:09:07.000Z","true","08p6A000000awdtQAA","","0Hn6A000000YQZcSAO","2018-02-28T21:09:07.000Z"
"30.0","AR-1194","0056A000001mlPTQAY","2018-02-28T21:09:07.000Z","37.0","0.0","9.155283142928","0.0","","false","03r6A000000aqBrQAI","false","false","0056A000001mlPTQAY","2018-02-28T21:09:07.000Z","true","08p6A000000awaZQAQ","","0Hn6A000000YQZfSAO","2018-02-28T21:09:07.000Z"
"11.0","AR-1079","0056A000001mlPTQAY","2018-02-28T21:09:07.000Z","31.0","0.0","7.686983016232","0.0","","false","03r6A000000aqBsQAI","false","false","0056A000001mlPTQAY","2018-02-28T21:09:07.000Z","true","08p6A000000awduQAA","","0Hn6A000000YQZeSAO","2018-02-28T21:09:07.000Z"
"4.0","AR-1081","0056A000001mlPTQAY","2018-02-28T21:09:07.000Z","31.0","0.0","7.629195495376","0.0","","false","03r6A000000aqBtQAI","false","false","0056A000001mlPTQAY","2018-02-28T21:09:07.000Z","true","08p6A000000awdwQAA","","0Hn6A000000YQZcSAO","2018-02-28T21:09:07.000Z"
"24.0","AR-1084","0056A000001mlPTQAY","2018-02-28T21:09:07.000Z","12.0","0.0","2.941571222928","0.0","","false","03r6A000000aqBuQAI","false","false","0056A000001mlPTQAY","2018-02-28T21:09:07.000Z","true","08p6A000000awdzQAA","","0Hn6A000000YQZcSAO","2018-02-28T21:09:07.000Z"
"52.0","AR-1087","0056A000001mlPTQAY","2018-02-28T21:09:07.000Z","25.0","0.0","6.076388886568","0.0","","false","03r6A000000aqBvQAI","false","false","0056A000001mlPTQAY","2018-02-28T21:09:07.000Z","true","08p6A000000awe0QAA","","0Hn6A000000YQZdSAO","2018-02-28T21:09:07.000Z"
"33.0","AR-1091","0056A000001mlPTQAY","2018-02-28T21:09:07.000Z","12.0","0.0","2.896211125912","0.0","","false","03r6A000000aqBwQAI","false","false","0056A000001mlPTQAY","2018-02-28T21:09:07.000Z","true","08p6A000000awbuQAA","","0Hn6A000000YQZdSAO","2018-02-28T21:09:07.000Z"
"47.0","AR-1092","0056A000001mlPTQAY","2018-02-28T21:09:07.000Z","14.0","12.701448535672","3.381502026864","51.0","","false","03r6A000000aqBxQAI","false","false","0056A000001mlPTQAY","2018-02-28T21:09:07.000Z","true","08p6A000000awbxQAA","","0Hn6A000000YQZcSAO","2018-02-28T21:09:07.000Z"
"0.0","AR-1094","0056A000001mlPTQAY","2018-02-28T21:09:07.000Z","28.0","0.0","6.891627890472","0.0","","false","03r6A000000aqByQAI","false","false","0056A000001mlPTQAY","2018-02-28T21:09:07.000Z","true","08p6A000000awbvQAA","","0Hn6A000000YQZdSAO","2018-02-28T21:09:07.000Z"
"2.0","AR-1095","0056A000001mlPTQAY","2018-02-28T21:09:07.000Z","13.0","0.0","3.180177760656","0.0","","false","03r6A000000aqBzQAI","false","false","0056A000001mlPTQAY","2018-02-28T21:09:07.000Z","true","08p6A000000awbwQAA","","0Hn6A000000YQZdSAO","2018-02-28T21:09:07.000Z"
"13.0","AR-1102","0056A000001mlPTQAY","2018-02-28T21:09:07.000Z","25.0","0.0","6.071417917032","0.0","","false","03r6A000000aqC0QAI","false","false","0056A000001mlPTQAY","2018-02-28T21:09:07.000Z","true","08p6A000000awauQAA","","0Hn6A000000YQZbSAO","2018-02-28T21:09:07.000Z"
"0.0","AR-1103","0056A000001mlPTQAY","2018-02-28T21:09:07.000Z","22.0","0.0","5.466202376024","0.0","","false","03r6A000000aqC1QAI","false","false","0056A000001mlPTQAY","2018-02-28T21:09:07.000Z","true","08p6A000000awavQAA","","0Hn6A000000YQZfSAO","2018-02-28T21:09:07.000Z"
"57.0","AR-1128","0056A000001mlPTQAY","2018-02-28T21:09:07.000Z","27.0","0.0","6.733178236512","0.0","","false","03r6A000000aqC2QAI","false","false","0056A000001mlPTQAY","2018-02-28T21:09:07.000Z","true","08p6A000000awb6QAA","","0Hn6A000000YQZgSAO","2018-02-28T21:09:07.000Z"
"23.0","AR-1104","0056A000001mlPTQAY","2018-02-28T21:09:07.000Z","6.0","0.0","1.37633719028","0.0","","false","03r6A000000aqC3QAI","false","false","0056A000001mlPTQAY","2018-02-28T21:09:07.000Z","true","08p6A000000awawQAA","","0Hn6A000000YQZjSAO","2018-02-28T21:09:07.000Z"
"26.0","AR-1105","0056A000001mlPTQAY","2018-02-28T21:09:07.000Z","22.0","0.0","5.254314799552","0.0","","false","03r6A000000aqC4QAI","false","false","0056A000001mlPTQAY","2018-02-28T21:09:07.000Z","true","08p6A000000awaxQAA","","0Hn6A000000YQZjSAO","2018-02-28T21:09:07.000Z"
"20.5","AR-1107","0056A000001mlPTQAY","2018-02-28T21:09:07.000Z","7.0","4.36823947976","1.748538534288","18.0","","false","03r6A000000aqC5QAI","false","false","0056A000001mlPTQAY","2018-02-28T21:09:07.000Z","true","08p6A000000awayQAA","","0Hn6A000000YQZjSAO","2018-02-28T21:09:07.000Z"
"52.0","AR-1108","0056A000001mlPTQAY","2018-02-28T21:09:07.000Z","14.0","0.0","3.357268550376","0.0","","false","03r6A000000aqC6QAI","false","false","0056A000001mlPTQAY","2018-02-28T21:09:07.000Z","true","08p6A000000awazQAA","","0Hn6A000000YQZbSAO","2018-02-28T21:09:07.000Z"
"15.5","AR-1110","0056A000001mlPTQAY","2018-02-28T21:09:07.000Z","5.0","4.569563745968","1.158235901888","19.0","","false","03r6A000000aqC7QAI","false","false","0056A000001mlPTQAY","2018-02-28T21:09:07.000Z","true","08p6A000000awb0QAA","","0Hn6A000000YQZjSAO","2018-02-28T21:09:07.000Z"
"46.0","AR-1143","0056A000001mlPTQAY","2018-02-28T21:09:07.000Z","4.0","0.0","0.940755984688","0.0","","false","03r6A000000aqC8QAI","false","false","0056A000001mlPTQAY","2018-02-28T21:09:07.000Z","true","08p6A000000awVVQAY","","0Hn6A000000YQZdSAO","2018-02-28T21:09:07.000Z"
"55.0","AR-1115","0056A000001mlPTQAY","2018-02-28T21:09:07.000Z","9.0","0.827666427744","2.1281963326","4.0","","false","03r6A000000aqC9QAI","false","false","0056A000001mlPTQAY","2018-02-28T21:09:07.000Z","true","08p6A000000awVRQAY","","0Hn6A000000YQZaSAO","2018-02-28T21:09:07.000Z"
"28.0","AR-1118","0056A000001mlPTQAY","2018-02-28T21:09:07.000Z","6.0","0.0","1.440959794248","0.0","","false","03r6A000000aqCAQAY","false","false","0056A000001mlPTQAY","2018-02-28T21:09:07.000Z","true","08p6A000000awVSQAY","","0Hn6A000000YQZgSAO","2018-02-28T21:09:07.000Z"
"58.0","AR-1146","0056A000001mlPTQAY","2018-02-28T21:09:07.000Z","27.0","4.634186349936","6.656749579896","19.0","","false","03r6A000000aqCBQAY","false","false","0056A000001mlPTQAY","2018-02-28T21:09:07.000Z","true","08p6A000000awbyQAA","","0Hn6A000000YQZhSAO","2018-02-28T21:09:07.000Z"
"20.0","AR-1122","0056A000001mlPTQAY","2018-02-28T21:09:07.000Z","12.0","0.0","2.906774436176","0.0","","false","03r6A000000aqCCQAY","false","false","0056A000001mlPTQAY","2018-02-28T21:09:07.000Z","true","08p6A000000awb1QAA","","0Hn6A000000YQZbSAO","2018-02-28T21:09:07.000Z"
"50.0","AR-1125","0056A000001mlPTQAY","2018-02-28T21:09:07.000Z","11.0","0.0","2.697372344472","0.0","","false","03r6A000000aqCDQAY","false","false","0056A000001mlPTQAY","2018-02-28T21:09:07.000Z","true","08p6A000000awb4QAA","","0Hn6A000000YQZgSAO","2018-02-28T21:09:07.000Z"
"38.0","AR-1123","0056A000001mlPTQAY","2018-02-28T21:09:07.000Z","5.0","0.0","1.115982660832","0.0","","false","03r6A000000aqCEQAY","false","false","0056A000001mlPTQAY","2018-02-28T21:09:07.000Z","true","08p6A000000awb2QAA","","0Hn6A000000YQZfSAO","2018-02-28T21:09:07.000Z"
"25.0","AR-1124","0056A000001mlPTQAY","2018-02-28T21:09:07.000Z","19.0","0.0","4.728013399928","0.0","","false","03r6A000000aqCFQAY","false","false","0056A000001mlPTQAY","2018-02-28T21:09:07.000Z","true","08p6A000000awb3QAA","","0Hn6A000000YQZbSAO","2018-02-28T21:09:07.000Z"
"13.0","AR-1126","0056A000001mlPTQAY","2018-02-28T21:09:07.000Z","22.0","0.306957368848","5.386666863448","2.0","","false","03r6A000000aqCGQAY","false","false","0056A000001mlPTQAY","2018-02-28T21:09:07.000Z","true","08p6A000000awb5QAA","","0Hn6A000000YQZfSAO","2018-02-28T21:09:07.000Z"
"3.0","AR-1135","0056A000001mlPTQAY","2018-02-28T21:09:07.000Z","28.0","1.863492204808","6.826383915312","8.0","","false","03r6A000000aqCHQAY","false","false","0056A000001mlPTQAY","2018-02-28T21:09:07.000Z","true","08p6A000000awVTQAY","","0Hn6A000000YQZbSAO","2018-02-28T21:09:07.000Z"
"7.0","AR-1137","0056A000001mlPTQAY","2018-02-28T21:09:07.000Z","9.0","0.0","2.13751690048","0.0","","false","03r6A000000aqCIQAY","false","false","0056A000001mlPTQAY","2018-02-28T21:09:07.000Z","true","08p6A000000awc0QAA","","0Hn6A000000YQZhSAO","2018-02-28T21:09:07.000Z"
"36.0","AR-1138","0056A000001mlPTQAY","2018-02-28T21:09:07.000Z","22.0","0.0","5.445075755496","0.0","","false","03r6A000000aqCJQAY","false","false","0056A000001mlPTQAY","2018-02-28T21:09:07.000Z","true","08p6A000000awc1QAA","","0Hn6A000000YQZhSAO","2018-02-28T21:09:07.000Z"
"52.0","AR-1142","0056A000001mlPTQAY","2018-02-28T21:09:07.000Z","26.0","0.0","6.426842238856","0.0","","false","03r6A000000aqCKQAY","false","false","0056A000001mlPTQAY","2018-02-28T21:09:07.000Z","true","08p6A000000awVUQAY","","0Hn6A000000YQZaSAO","2018-02-28T21:09:07.000Z"
"21.0","AR-1147","0056A000001mlPTQAY","2018-02-28T21:09:07.000Z","8.0","0.0","1.8485792962","0.0","","false","03r6A000000aqCLQAY","false","false","0056A000001mlPTQAY","2018-02-28T21:09:07.000Z","true","08p6A000000awbzQAA","","0Hn6A000000YQZjSAO","2018-02-28T21:09:07.000Z"
"12.5","AR-1155","0056A000001mlPTQAY","2018-02-28T21:09:07.000Z","7.0","0.0","1.534165473048","0.0","","false","03r6A000000aqCMQAY","false","false","0056A000001mlPTQAY","2018-02-28T21:09:07.000Z","true","08p6A000000awc2QAA","","0Hn6A000000YQZjSAO","2018-02-28T21:09:07.000Z"
"24.0","AR-1156","0056A000001mlPTQAY","2018-02-28T21:09:07.000Z","33.0","0.0","8.024387573488","0.0","","false","03r6A000000aqCNQAY","false","false","0056A000001mlPTQAY","2018-02-28T21:09:07.000Z","true","08p6A000000awc3QAA","","0Hn6A000000YQZeSAO","2018-02-28T21:09:07.000Z"
"58.0","AR-1157","0056A000001mlPTQAY","2018-02-28T21:09:07.000Z","44.0","0.0","10.83360673252","0.0","","false","03r6A000000aqCOQAY","false","false","0056A000001mlPTQAY","2018-02-28T21:09:07.000Z","true","08p6A000000awaSQAQ","","0Hn6A000000YQZeSAO","2018-02-28T21:09:07.000Z"
"13.0","AR-1158","0056A000001mlPTQAY","2018-02-28T21:09:07.000Z","20.0","0.0","4.858501350248","0.0","","false","03r6A000000aqCPQAY","false","false","0056A000001mlPTQAY","2018-02-28T21:09:07.000Z","true","08p6A000000awaTQAQ","","0Hn6A000000YQZaSAO","2018-02-28T21:09:07.000Z"
"15.0","AR-1160","0056A000001mlPTQAY","2018-02-28T21:09:07.000Z","3.0","7.388724844072","0.597759086704","30.0","","false","03r6A000000aqCQQAY","false","false","0056A000001mlPTQAY","2018-02-28T21:09:07.000Z","true","08p6A000000awbBQAQ","","0Hn6A000000YQZdSAO","2018-02-28T21:09:07.000Z"
"4.0","AR-1207","0056A000001mlPTQAY","2018-02-28T21:09:07.000Z","38.0","0.0","9.39202556708","0.0","","false","03r6A000000aqCRQAY","false","false","0056A000001mlPTQAY","2018-02-28T21:09:07.000Z","true","08p6A000000awbOQAQ","","0Hn6A000000YQZeSAO","2018-02-28T21:09:07.000Z"
"1.0","AR-1209","0056A000001mlPTQAY","2018-02-28T21:09:07.000Z","4.0","3.379637913288","0.79846198172","14.0","","false","03r6A000000aqCSQAY","false","false","0056A000001mlPTQAY","2018-02-28T21:09:07.000Z","true","08p6A000000awbQQAQ","","0Hn6A000000YQZdSAO","2018-02-28T21:09:07.000Z"
"58.0","AR-1162","0056A000001mlPTQAY","2018-02-28T21:09:07.000Z","28.0","10.832363990136","6.866773042792","44.0","","false","03r6A000000aqCTQAY","false","false","0056A000001mlPTQAY","2018-02-28T21:09:07.000Z","true","08p6A000000awb7QAA","","0Hn6A000000YQZeSAO","2018-02-28T21:09:07.000Z"
"14.0","AR-1226","0056A000001mlPTQAY","2018-02-28T21:09:07.000Z","15.0","0.0","3.655526722536","0.0","","false","03r6A000000aqCUQAY","false","false","0056A000001mlPTQAY","2018-02-28T21:09:07.000Z","true","08p6A000000awdoQAA","","0Hn6A000000YQZbSAO","2018-02-28T21:09:07.000Z"
"27.0","AR-1164","0056A000001mlPTQAY","2018-02-28T21:09:07.000Z","18.0","0.0","4.490649604584","0.0","","false","03r6A000000aqCVQAY","false","false","0056A000001mlPTQAY","2018-02-28T21:09:07.000Z","true","08p6A000000awb9QAA","","0Hn6A000000YQZiSAO","2018-02-28T21:09:07.000Z"
"39.0","AR-1170","0056A000001mlPTQAY","2018-02-28T21:09:07.000Z","14.0","0.0","3.4641443954","0.0","","false","03r6A000000aqCWQAY","false","false","0056A000001mlPTQAY","2018-02-28T21:09:07.000Z","true","08p6A000000awaVQAQ","","0Hn6A000000YQZiSAO","2018-02-28T21:09:07.000Z"
"31.0","AR-1272","0056A000001mlPTQAY","2018-02-28T21:09:07.000Z","32.0","9.095631508496","7.75781933212","37.0","","false","03r6A000000aqCXQAY","false","false","0056A000001mlPTQAY","2018-02-28T21:09:07.000Z","true","08p6A000000awY5QAI","","0Hn6A000000YQZdSAO","2018-02-28T21:09:07.000Z"
"55.0","AR-1178","0056A000001mlPTQAY","2018-02-28T21:09:07.000Z","4.0","4.499348801272","0.964368089984","18.0","","false","03r6A000000aqCYQAY","false","false","0056A000001mlPTQAY","2018-02-28T21:09:07.000Z","true","08p6A000000awaXQAQ","","0Hn6A000000YQZiSAO","2018-02-28T21:09:07.000Z"
"36.0","AR-1208","0056A000001mlPTQAY","2018-02-28T21:09:07.000Z","17.0","10.124622202448","4.100428496008","41.0","","false","03r6A000000aqCZQAY","false","false","0056A000001mlPTQAY","2018-02-28T21:09:07.000Z","true","08p6A000000awbPQAQ","","0Hn6A000000YQZeSAO","2018-02-28T21:09:07.000Z"
"35.0","AR-1263","0056A000001mlPTQAY","2018-02-28T21:09:07.000Z","6.0","0.0","1.36390976644","0.0","","false","03r6A000000aqCaQAI","false","false","0056A000001mlPTQAY","2018-02-28T21:09:07.000Z","true","08p6A000000awYjQAI","","0Hn6A000000YQZgSAO","2018-02-28T21:09:07.000Z"
"49.0","AR-1271","0056A000001mlPTQAY","2018-02-28T21:09:07.000Z","5.0","4.76591704264","1.008485444616","20.0","","false","03r6A000000aqCbQAI","false","false","0056A000001mlPTQAY","2018-02-28T21:09:07.000Z","true","08p6A000000awY4QAI","","0Hn6A000000YQZiSAO","2018-02-28T21:09:07.000Z"
"20.5","AR-1186","0056A000001mlPTQAY","2018-02-28T21:09:07.000Z","8.0","0.0","1.992116041552","0.0","","false","03r6A000000aqCcQAI","false","false","0056A000001mlPTQAY","2018-02-28T21:09:07.000Z","true","08p6A000000awbEQAQ","","0Hn6A000000YQZjSAO","2018-02-28T21:09:07.000Z"
"48.0","AR-1184","0056A000001mlPTQAY","2018-02-28T21:09:07.000Z","8.0","0.0","1.928114808776","0.0","","false","03r6A000000aqCdQAI","false","false","0056A000001mlPTQAY","2018-02-28T21:09:07.000Z","true","08p6A000000awbCQAQ","","0Hn6A000000YQZhSAO","2018-02-28T21:09:07.000Z"
"8.0","AR-1185","0056A000001mlPTQAY","2018-02-28T21:09:07.000Z","10.0","0.0","2.352511332912","0.0","","false","03r6A000000aqCeQAI","false","false","0056A000001mlPTQAY","2018-02-28T21:09:07.000Z","true","08p6A000000awbDQAQ","","0Hn6A000000YQZgSAO","2018-02-28T21:09:07.000Z"
"39.0","AR-1189","0056A000001mlPTQAY","2018-02-28T21:09:07.000Z","17.0","0.0","4.118448260576","0.0","","false","03r6A000000aqCfQAI","false","false","0056A000001mlPTQAY","2018-02-28T21:09:07.000Z","true","08p6A000000awbGQAQ","","0Hn6A000000YQZdSAO","2018-02-28T21:09:07.000Z"
"42.0","AR-1206","0056A000001mlPTQAY","2018-02-28T21:09:07.000Z","5.0","0.0","1.051981428056","0.0","","false","03r6A000000aqCgQAI","false","false","0056A000001mlPTQAY","2018-02-28T21:09:07.000Z","true","08p6A000000awbNQAQ","","0Hn6A000000YQZeSAO","2018-02-28T21:09:07.000Z"
"21.0","AR-1192","0056A000001mlPTQAY","2018-02-28T21:09:07.000Z","35.0","0.0","8.516513557552","0.0","","false","03r6A000000aqChQAI","false","false","0056A000001mlPTQAY","2018-02-28T21:09:07.000Z","true","08p6A000000awbHQAQ","","0Hn6A000000YQZfSAO","2018-02-28T21:09:07.000Z"
"54.0","AR-1260","0056A000001mlPTQAY","2018-02-28T21:09:07.000Z","28.0","0.0","6.817684718624","0.0","","false","03r6A000000aqCiQAI","false","false","0056A000001mlPTQAY","2018-02-28T21:09:07.000Z","true","08p6A000000awYhQAI","","0Hn6A000000YQZdSAO","2018-02-28T21:09:07.000Z"
"39.0","AR-1311","0056A000001mlPTQAY","2018-02-28T21:09:07.000Z","8.0","0.0","1.813782509448","0.0","","false","03r6A000000aqCjQAI","false","false","0056A000001mlPTQAY","2018-02-28T21:09:07.000Z","true","08p6A000000awYYQAY","","0Hn6A000000YQZhSAO","2018-02-28T21:09:07.000Z"
"20.0","AR-1327","0056A000001mlPTQAY","2018-02-28T21:09:07.000Z","25.0","13.867762263056001","6.08633082564","56.0","","false","03r6A000000aqCkQAI","false","false","0056A000001mlPTQAY","2018-02-28T21:09:07.000Z","true","08p6A000000awYaQAI","","0Hn6A000000YQZeSAO","2018-02-28T21:09:07.000Z"
"2.0","AR-1199","0056A000001mlPTQAY","2018-02-28T21:09:07.000Z","37.0","0.0","9.226740830008","0.0","","false","03r6A000000aqClQAI","false","false","0056A000001mlPTQAY","2018-02-28T21:09:07.000Z","true","08p6A000000awbIQAQ","","0Hn6A000000YQZfSAO","2018-02-28T21:09:07.000Z"
"12.0","AR-1203","0056A000001mlPTQAY","2018-02-28T21:09:07.000Z","22.0","0.0","5.394744688944","0.0","","false","03r6A000000aqCmQAI","false","false","0056A000001mlPTQAY","2018-02-28T21:09:07.000Z","true","08p6A000000awbJQAQ","","0Hn6A000000YQZeSAO","2018-02-28T21:09:07.000Z"
"53.0","AR-1204","0056A000001mlPTQAY","2018-02-28T21:09:07.000Z","15.0","0.0","3.561078301352","0.0","","false","03r6A000000aqCnQAI","false","false","0056A000001mlPTQAY","2018-02-28T21:09:07.000Z","true","08p6A000000awbKQAQ","","0Hn6A000000YQZhSAO","2018-02-28T21:09:07.000Z"
"52.0","AR-1210","0056A000001mlPTQAY","2018-02-28T21:09:07.000Z","14.0","0.0","3.269655212304","0.0","","false","03r6A000000aqCoQAI","false","false","0056A000001mlPTQAY","2018-02-28T21:09:07.000Z","true","08p6A000000awbRQAQ","","0Hn6A000000YQZgSAO","2018-02-28T21:09:07.000Z"
"47.0","AR-1211","0056A000001mlPTQAY","2018-02-28T21:09:07.000Z","5.0","0.0","1.160721386656","0.0","","false","03r6A000000aqCpQAI","false","false","0056A000001mlPTQAY","2018-02-28T21:09:07.000Z","true","08p6A000000awbSQAQ","","0Hn6A000000YQZhSAO","2018-02-28T21:09:07.000Z"
"10.0","AR-1249","0056A000001mlPTQAY","2018-02-28T21:09:07.000Z","9.0","0.0","2.04120436572","0.0","","false","03r6A000000aqCqQAI","false","false","0056A000001mlPTQAY","2018-02-28T21:09:07.000Z","true","08p6A000000awZPQAY","","0Hn6A000000YQZiSAO","2018-02-28T21:09:07.000Z"
"15.0","AR-1213","0056A000001mlPTQAY","2018-02-28T21:09:07.000Z","42.0","11.568067481464","10.427851344144","47.0","","false","03r6A000000aqCrQAI","false","false","0056A000001mlPTQAY","2018-02-28T21:09:07.000Z","true","08p6A000000awbLQAQ","","0Hn6A000000YQZfSAO","2018-02-28T21:09:07.000Z"
"34.0","AR-1223","0056A000001mlPTQAY","2018-02-28T21:09:07.000Z","9.0","0.0","2.061709615056","0.0","","false","03r6A000000aqCsQAI","false","false","0056A000001mlPTQAY","2018-02-28T21:09:07.000Z","true","08p6A000000awdrQAA","","0Hn6A000000YQZgSAO","2018-02-28T21:09:07.000Z"
"55.0","AR-1214","0056A000001mlPTQAY","2018-02-28T21:09:07.000Z","9.0","0.0","2.238179033584","0.0","","false","03r6A000000aqCtQAI","false","false","0056A000001mlPTQAY","2018-02-28T21:09:07.000Z","true","08p6A000000awbMQAQ","","0Hn6A000000YQZgSAO","2018-02-28T21:09:07.000Z"
"14.0","AR-1225","0056A000001mlPTQAY","2018-02-28T21:09:07.000Z","20.0","5.227595838296","4.782694064824","21.0","","false","03r6A000000aqCuQAI","false","false","0056A000001mlPTQAY","2018-02-28T21:09:07.000Z","true","08p6A000000awdnQAA","","0Hn6A000000YQZhSAO","2018-02-28T21:09:07.000Z"
"17.0","AR-1217","0056A000001mlPTQAY","2018-02-28T21:09:07.000Z","21.0","0.0","5.1847212260480005","0.0","","false","03r6A000000aqCvQAI","false","false","0056A000001mlPTQAY","2018-02-28T21:09:07.000Z","true","08p6A000000awc5QAA","","0Hn6A000000YQZbSAO","2018-02-28T21:09:07.000Z"
"9.0","AR-1221","0056A000001mlPTQAY","2018-02-28T21:09:07.000Z","1.0","0.0","0.155342798","0.0","","false","03r6A000000aqCwQAI","false","false","0056A000001mlPTQAY","2018-02-28T21:09:07.000Z","true","08p6A000000awc4QAA","","0Hn6A000000YQZaSAO","2018-02-28T21:09:07.000Z"
"39.0","AR-1224","0056A000001mlPTQAY","2018-02-28T21:09:07.000Z","10.0","2.54140817528","2.469329117008","11.0","","false","03r6A000000aqCxQAI","false","false","0056A000001mlPTQAY","2018-02-28T21:09:07.000Z","true","08p6A000000awdmQAA","","0Hn6A000000YQZgSAO","2018-02-28T21:09:07.000Z"
"21.0","AR-1228","0056A000001mlPTQAY","2018-02-28T21:09:07.000Z","8.0","0.0","1.895803506792","0.0","","false","03r6A000000aqCyQAI","false","false","0056A000001mlPTQAY","2018-02-28T21:09:07.000Z","true","08p6A000000awdpQAA","","0Hn6A000000YQZdSAO","2018-02-28T21:09:07.000Z"
"2.0","AR-1230","0056A000001mlPTQAY","2018-02-28T21:09:07.000Z","5.0","1.83925872832","1.017184641304","8.0","","false","03r6A000000aqCzQAI","false","false","0056A000001mlPTQAY","2018-02-28T21:09:07.000Z","true","08p6A000000awdqQAA","","0Hn6A000000YQZjSAO","2018-02-28T21:09:07.000Z"
"58.0","AR-1234","0056A000001mlPTQAY","2018-02-28T21:09:07.000Z","2.0","0.0","0.442416288704","0.0","","false","03r6A000000aqD0QAI","false","false","0056A000001mlPTQAY","2018-02-28T21:09:07.000Z","true","08p6A000000awYsQAI","","0Hn6A000000YQZdSAO","2018-02-28T21:09:07.000Z"
"55.0","AR-1341","0056A000001mlPTQAY","2018-02-28T21:09:07.000Z","11.0","0.0","2.7514316381760002","0.0","","false","03r6A000000aqD1QAI","false","false","0056A000001mlPTQAY","2018-02-28T21:09:07.000Z","true","08p6A000000awWAQAY","","0Hn6A000000YQZhSAO","2018-02-28T21:09:07.000Z"
"47.0","AR-1232","0056A000001mlPTQAY","2018-02-28T21:09:07.000Z","13.0","0.0","3.102506361656","0.0","","false","03r6A000000aqD2QAI","false","false","0056A000001mlPTQAY","2018-02-28T21:09:07.000Z","true","08p6A000000awYqQAI","","0Hn6A000000YQZbSAO","2018-02-28T21:09:07.000Z"
"11.0","AR-1233","0056A000001mlPTQAY","2018-02-28T21:09:07.000Z","6.0","0.0","1.301151276048","0.0","","false","03r6A000000aqD3QAI","false","false","0056A000001mlPTQAY","2018-02-28T21:09:07.000Z","true","08p6A000000awYrQAI","","0Hn6A000000YQZhSAO","2018-02-28T21:09:07.000Z"
"13.0","AR-1237","0056A000001mlPTQAY","2018-02-28T21:09:07.000Z","9.0","0.0","2.008893063736","0.0","","false","03r6A000000aqD4QAI","false","false","0056A000001mlPTQAY","2018-02-28T21:09:07.000Z","true","08p6A000000awYtQAI","","0Hn6A000000YQZaSAO","2018-02-28T21:09:07.000Z"
"49.0","AR-1238","0056A000001mlPTQAY","2018-02-28T21:09:07.000Z","11.0","11.761935293368","2.729062275264","48.0","","false","03r6A000000aqD5QAI","false","false","0056A000001mlPTQAY","2018-02-28T21:09:07.000Z","true","08p6A000000awYuQAI","","0Hn6A000000YQZgSAO","2018-02-28T21:09:07.000Z"
"24.0","AR-1242","0056A000001mlPTQAY","2018-02-28T21:09:07.000Z","17.0","0.0","4.099185753624","0.0","","false","03r6A000000aqD6QAI","false","false","0056A000001mlPTQAY","2018-02-28T21:09:07.000Z","true","08p6A000000awZKQAY","","0Hn6A000000YQZcSAO","2018-02-28T21:09:07.000Z"
"47.0","AR-1244","0056A000001mlPTQAY","2018-02-28T21:09:07.000Z","10.0","0.0","2.427075875952","0.0","","false","03r6A000000aqD7QAI","false","false","0056A000001mlPTQAY","2018-02-28T21:09:07.000Z","true","08p6A000000awZMQAY","","0Hn6A000000YQZiSAO","2018-02-28T21:09:07.000Z"
"6.0","AR-1246","0056A000001mlPTQAY","2018-02-28T21:09:07.000Z","6.0","0.0","1.47264972504","0.0","","false","03r6A000000aqD8QAI","false","false","0056A000001mlPTQAY","2018-02-28T21:09:07.000Z","true","08p6A000000awZNQAY","","0Hn6A000000YQZcSAO","2018-02-28T21:09:07.000Z"
"38.0","AR-1247","0056A000001mlPTQAY","2018-02-28T21:09:07.000Z","17.0","0.0","4.16008013044","0.0","","false","03r6A000000aqD9QAI","false","false","0056A000001mlPTQAY","2018-02-28T21:09:07.000Z","true","08p6A000000awZOQAY","","0Hn6A000000YQZiSAO","2018-02-28T21:09:07.000Z"
"10.0","AR-1250","0056A000001mlPTQAY","2018-02-28T21:09:07.000Z","10.0","0.0","2.412162967344","0.0","","false","03r6A000000aqDAQAY","false","false","0056A000001mlPTQAY","2018-02-28T21:09:07.000Z","true","08p6A000000awZQQAY","","0Hn6A000000YQZcSAO","2018-02-28T21:09:07.000Z"
"49.0","AR-1251","0056A000001mlPTQAY","2018-02-28T21:09:07.000Z","32.0","1.7553736174","7.95976496952","8.0","","false","03r6A000000aqDBQAY","false","false","0056A000001mlPTQAY","2018-02-28T21:09:07.000Z","true","08p6A000000awZRQAY","","0Hn6A000000YQZbSAO","2018-02-28T21:09:07.000Z"
"23.0","AR-1283","0056A000001mlPTQAY","2018-02-28T21:09:07.000Z","21.0","0.0","5.013844148248","0.0","","false","03r6A000000aqDCQAY","false","false","0056A000001mlPTQAY","2018-02-28T21:09:07.000Z","true","08p6A000000awW4QAI","","0Hn6A000000YQZfSAO","2018-02-28T21:09:07.000Z"
"12.0","AR-1287","0056A000001mlPTQAY","2018-02-28T21:09:07.000Z","28.0","0.0","6.99353276596","0.0","","false","03r6A000000aqDDQAY","false","false","0056A000001mlPTQAY","2018-02-28T21:09:07.000Z","true","08p6A000000awaCQAQ","","0Hn6A000000YQZeSAO","2018-02-28T21:09:07.000Z"
"31.0","AR-1259","0056A000001mlPTQAY","2018-02-28T21:09:07.000Z","13.0","0.0","3.227401971248","0.0","","false","03r6A000000aqDEQAY","false","false","0056A000001mlPTQAY","2018-02-28T21:09:07.000Z","true","08p6A000000awZSQAY","","0Hn6A000000YQZaSAO","2018-02-28T21:09:07.000Z"
"56.0","AR-1262","0056A000001mlPTQAY","2018-02-28T21:09:07.000Z","7.0","0.0","1.623021553504","0.0","","false","03r6A000000aqDFQAY","false","false","0056A000001mlPTQAY","2018-02-28T21:09:07.000Z","true","08p6A000000awYiQAI","","0Hn6A000000YQZfSAO","2018-02-28T21:09:07.000Z"
"58.0","AR-1264","0056A000001mlPTQAY","2018-02-28T21:09:07.000Z","3.0","5.665662528656","0.697799848616","23.0","","false","03r6A000000aqDGQAY","false","false","0056A000001mlPTQAY","2018-02-28T21:09:07.000Z","true","08p6A000000awYkQAI","","0Hn6A000000YQZdSAO","2018-02-28T21:09:07.000Z"
"4.0","AR-1297","0056A000001mlPTQAY","2018-02-28T21:09:07.000Z","21.0","0.0","5.06728207076","0.0","","false","03r6A000000aqDHQAY","false","false","0056A000001mlPTQAY","2018-02-28T21:09:07.000Z","true","08p6A000000awW9QAI","","0Hn6A000000YQZcSAO","2018-02-28T21:09:07.000Z"
"33.0","AR-1267","0056A000001mlPTQAY","2018-02-28T21:09:07.000Z","5.0","0.0","1.012213671768","0.0","","false","03r6A000000aqDIQAY","false","false","0056A000001mlPTQAY","2018-02-28T21:09:07.000Z","true","08p6A000000awYEQAY","","0Hn6A000000YQZhSAO","2018-02-28T21:09:07.000Z"
"3.0","AR-1273","0056A000001mlPTQAY","2018-02-28T21:09:07.000Z","10.0","6.635001588176","2.485484768","27.0","","false","03r6A000000aqDJQAY","false","false","0056A000001mlPTQAY","2018-02-28T21:09:07.000Z","true","08p6A000000awY6QAI","","0Hn6A000000YQZcSAO","2018-02-28T21:09:07.000Z"
"50.0","AR-1337","0056A000001mlPTQAY","2018-02-28T21:09:07.000Z","9.0","6.391424080912","2.174799172","26.0","","false","03r6A000000aqDKQAY","false","false","0056A000001mlPTQAY","2018-02-28T21:09:07.000Z","true","08p6A000000awaIQAQ","","0Hn6A000000YQZaSAO","2018-02-28T21:09:07.000Z"
"21.0","AR-1276","0056A000001mlPTQAY","2018-02-28T21:09:07.000Z","10.0","0.0","2.440124670984","0.0","","false","03r6A000000aqDLQAY","false","false","0056A000001mlPTQAY","2018-02-28T21:09:07.000Z","true","08p6A000000awY7QAI","","0Hn6A000000YQZaSAO","2018-02-28T21:09:07.000Z"
"44.0","AR-1317","0056A000001mlPTQAY","2018-02-28T21:09:07.000Z","20.0","0.0","4.936172749248","0.0","","false","03r6A000000aqDMQAY","false","false","0056A000001mlPTQAY","2018-02-28T21:09:07.000Z","true","08p6A000000awa4QAA","","0Hn6A000000YQZgSAO","2018-02-28T21:09:07.000Z"
"3.0","AR-1277","0056A000001mlPTQAY","2018-02-28T21:09:07.000Z","39.0","0.0","9.632496218384","0.0","","false","03r6A000000aqDNQAY","false","false","0056A000001mlPTQAY","2018-02-28T21:09:07.000Z","true","08p6A000000awY8QAI","","0Hn6A000000YQZfSAO","2018-02-28T21:09:07.000Z"
"9.0","AR-1278","0056A000001mlPTQAY","2018-02-28T21:09:07.000Z","26.0","5.78807265348","6.45293982892","24.0","","false","03r6A000000aqDOQAY","false","false","0056A000001mlPTQAY","2018-02-28T21:09:07.000Z","true","08p6A000000awY9QAI","","0Hn6A000000YQZaSAO","2018-02-28T21:09:07.000Z"
"28.0","AR-1316","0056A000001mlPTQAY","2018-02-28T21:09:07.000Z","19.0","0.0","4.702537181056","0.0","","false","03r6A000000aqDPQAY","false","false","0056A000001mlPTQAY","2018-02-28T21:09:07.000Z","true","08p6A000000awa3QAA","","0Hn6A000000YQZeSAO","2018-02-28T21:09:07.000Z"
"35.0","AR-1285","0056A000001mlPTQAY","2018-02-28T21:09:07.000Z","18.0","0.0","4.409249978432","0.0","","false","03r6A000000aqDQQAY","false","false","0056A000001mlPTQAY","2018-02-28T21:09:07.000Z","true","08p6A000000awYAQAY","","0Hn6A000000YQZeSAO","2018-02-28T21:09:07.000Z"
"30.0","AR-1289","0056A000001mlPTQAY","2018-02-28T21:09:07.000Z","14.0","0.0","3.279597151376","0.0","","false","03r6A000000aqDRQAY","false","false","0056A000001mlPTQAY","2018-02-28T21:09:07.000Z","true","08p6A000000awaDQAQ","","0Hn6A000000YQZeSAO","2018-02-28T21:09:07.000Z"
"55.0","AR-1286","0056A000001mlPTQAY","2018-02-28T21:09:07.000Z","42.0","0.8699196688","10.460162646128","4.0","","false","03r6A000000aqDSQAY","false","false","0056A000001mlPTQAY","2018-02-28T21:09:07.000Z","true","08p6A000000awYRQAY","","0Hn6A000000YQZfSAO","2018-02-28T21:09:07.000Z"
"24.0","AR-1290","0056A000001mlPTQAY","2018-02-28T21:09:07.000Z","40.0","0.0","9.927026163392","0.0","","false","03r6A000000aqDTQAY","false","false","0056A000001mlPTQAY","2018-02-28T21:09:07.000Z","true","08p6A000000awaEQAQ","","0Hn6A000000YQZhSAO","2018-02-28T21:09:07.000Z"
"18.0","AR-1355","0056A000001mlPTQAY","2018-02-28T21:09:07.000Z","6.0","0.0","1.283752882672","0.0","","false","03r6A000000aqDUQAY","false","false","0056A000001mlPTQAY","2018-02-28T21:09:07.000Z","true","08p6A000000awWzQAI","","0Hn6A000000YQZfSAO","2018-02-28T21:09:07.000Z"
"15.0","AR-1293","0056A000001mlPTQAY","2018-02-28T21:09:07.000Z","29.0","18.415578017304","7.243323985144","74.0","","false","03r6A000000aqDVQAY","false","false","0056A000001mlPTQAY","2018-02-28T21:09:07.000Z","true","08p6A000000awW5QAI","","0Hn6A000000YQZeSAO","2018-02-28T21:09:07.000Z"
"8.5","AR-1294","0056A000001mlPTQAY","2018-02-28T21:09:07.000Z","10.0","0.0","2.336977053112","0.0","","false","03r6A000000aqDWQAY","false","false","0056A000001mlPTQAY","2018-02-28T21:09:07.000Z","true","08p6A000000awW6QAI","","0Hn6A000000YQZjSAO","2018-02-28T21:09:07.000Z"
"30.0","AR-1310","0056A000001mlPTQAY","2018-02-28T21:09:07.000Z","20.0","8.99745486016","4.776480352904","36.0","","false","03r6A000000aqDXQAY","false","false","0056A000001mlPTQAY","2018-02-28T21:09:07.000Z","true","08p6A000000awYXQAY","","0Hn6A000000YQZcSAO","2018-02-28T21:09:07.000Z"
"16.0","AR-1295","0056A000001mlPTQAY","2018-02-28T21:09:07.000Z","23.0","0.0","5.529582237608","0.0","","false","03r6A000000aqDYQAY","false","false","0056A000001mlPTQAY","2018-02-28T21:09:07.000Z","true","08p6A000000awW7QAI","","0Hn6A000000YQZjSAO","2018-02-28T21:09:07.000Z"
"8.0","AR-1296","0056A000001mlPTQAY","2018-02-28T21:09:07.000Z","28.0","0.0","6.883550064976","0.0","","false","03r6A000000aqDZQAY","false","false","0056A000001mlPTQAY","2018-02-28T21:09:07.000Z","true","08p6A000000awW8QAI","","0Hn6A000000YQZjSAO","2018-02-28T21:09:07.000Z"
"33.0","AR-1300","0056A000001mlPTQAY","2018-02-28T21:09:07.000Z","14.0","0.0","3.357268550376","0.0","","false","03r6A000000aqDaQAI","false","false","0056A000001mlPTQAY","2018-02-28T21:09:07.000Z","true","08p6A000000awYBQAY","","0Hn6A000000YQZcSAO","2018-02-28T21:09:07.000Z"
"15.0","AR-1331","0056A000001mlPTQAY","2018-02-28T21:09:07.000Z","8.0","9.497037298528","1.793898631304","38.0","","false","03r6A000000aqDbQAI","false","false","0056A000001mlPTQAY","2018-02-28T21:09:07.000Z","true","08p6A000000awaGQAQ","","0Hn6A000000YQZgSAO","2018-02-28T21:09:07.000Z"
"28.0","AR-1301","0056A000001mlPTQAY","2018-02-28T21:09:07.000Z","20.0","0.0","4.960406225736","0.0","","false","03r6A000000aqDcQAI","false","false","0056A000001mlPTQAY","2018-02-28T21:09:07.000Z","true","08p6A000000awYCQAY","","0Hn6A000000YQZcSAO","2018-02-28T21:09:07.000Z"
"3.0","AR-1302","0056A000001mlPTQAY","2018-02-28T21:09:07.000Z","14.0","0.0","3.257849159656","0.0","","false","03r6A000000aqDdQAI","false","false","0056A000001mlPTQAY","2018-02-28T21:09:07.000Z","true","08p6A000000awYSQAY","","0Hn6A000000YQZcSAO","2018-02-28T21:09:07.000Z"
"3.5","AR-1303","0056A000001mlPTQAY","2018-02-28T21:09:07.000Z","16.0","0.0","3.999766362904","0.0","","false","03r6A000000aqDeQAI","false","false","0056A000001mlPTQAY","2018-02-28T21:09:07.000Z","true","08p6A000000awYTQAY","","0Hn6A000000YQZjSAO","2018-02-28T21:09:07.000Z"
"50.0","AR-1305","0056A000001mlPTQAY","2018-02-28T21:09:07.000Z","8.0","0.0","1.96974667864","0.0","","false","03r6A000000aqDfQAI","false","false","0056A000001mlPTQAY","2018-02-28T21:09:07.000Z","true","08p6A000000awYUQAY","","0Hn6A000000YQZaSAO","2018-02-28T21:09:07.000Z"
"56.0","AR-1308","0056A000001mlPTQAY","2018-02-28T21:09:07.000Z","17.0","0.0","4.067495822832","0.0","","false","03r6A000000aqDgQAI","false","false","0056A000001mlPTQAY","2018-02-28T21:09:07.000Z","true","08p6A000000awYVQAY","","0Hn6A000000YQZaSAO","2018-02-28T21:09:07.000Z"
"2.0","AR-1309","0056A000001mlPTQAY","2018-02-28T21:09:07.000Z","5.0","4.414220947968","1.01594189892","18.0","","false","03r6A000000aqDhQAI","false","false","0056A000001mlPTQAY","2018-02-28T21:09:07.000Z","true","08p6A000000awYWQAY","","0Hn6A000000YQZjSAO","2018-02-28T21:09:07.000Z"
"10.0","AR-1312","0056A000001mlPTQAY","2018-02-28T21:09:07.000Z","21.0","0.0","5.24437286048","0.0","","false","03r6A000000aqDiQAI","false","false","0056A000001mlPTQAY","2018-02-28T21:09:07.000Z","true","08p6A000000awYZQAY","","0Hn6A000000YQZgSAO","2018-02-28T21:09:07.000Z"
"50.0","AR-1318","0056A000001mlPTQAY","2018-02-28T21:09:07.000Z","2.0","0.0","0.456086454928","0.0","","false","03r6A000000aqDjQAI","false","false","0056A000001mlPTQAY","2018-02-28T21:09:07.000Z","true","08p6A000000awa1QAA","","0Hn6A000000YQZgSAO","2018-02-28T21:09:07.000Z"
"42.0","AR-1328","0056A000001mlPTQAY","2018-02-28T21:09:07.000Z","22.0","0.0","5.26922770816","0.0","","false","03r6A000000aqDkQAI","false","false","0056A000001mlPTQAY","2018-02-28T21:09:07.000Z","true","08p6A000000awYbQAI","","0Hn6A000000YQZiSAO","2018-02-28T21:09:07.000Z"
"43.0","AR-1332","0056A000001mlPTQAY","2018-02-28T21:09:07.000Z","10.0","9.328645705496","2.322685515696","38.0","","false","03r6A000000aqDlQAI","false","false","0056A000001mlPTQAY","2018-02-28T21:09:07.000Z","true","08p6A000000awaJQAQ","","0Hn6A000000YQZhSAO","2018-02-28T21:09:07.000Z"
"29.0","AR-1334","0056A000001mlPTQAY","2018-02-28T21:09:07.000Z","15.0","0.0","3.571020240424","0.0","","false","03r6A000000aqDmQAI","false","false","0056A000001mlPTQAY","2018-02-28T21:09:07.000Z","true","08p6A000000awaHQAQ","","0Hn6A000000YQZaSAO","2018-02-28T21:09:07.000Z"
"41.0","AR-1338","0056A000001mlPTQAY","2018-02-28T21:09:07.000Z","13.0","0.0","3.10374910404","0.0","","false","03r6A000000aqDnQAI","false","false","0056A000001mlPTQAY","2018-02-28T21:09:07.000Z","true","08p6A000000awaKQAQ","","0Hn6A000000YQZiSAO","2018-02-28T21:09:07.000Z"
"28.0","AR-1392","0056A000001mlPTQAY","2018-02-28T21:09:07.000Z","49.0","0.0","12.136000750952","0.0","","false","03r6A000000aqDoQAI","false","false","0056A000001mlPTQAY","2018-02-28T21:09:07.000Z","true","08p6A000000awZDQAY","","0Hn6A000000YQZjSAO","2018-02-28T21:09:07.000Z"
"7.0","AR-1345","0056A000001mlPTQAY","2018-02-28T21:09:07.000Z","19.0","0.0","4.7398194525760005","0.0","","false","03r6A000000aqDpQAI","false","false","0056A000001mlPTQAY","2018-02-28T21:09:07.000Z","true","08p6A000000awWBQAY","","0Hn6A000000YQZbSAO","2018-02-28T21:09:07.000Z"
"56.0","AR-1347","0056A000001mlPTQAY","2018-02-28T21:09:07.000Z","12.0","0.0","2.80549093188","0.0","","false","03r6A000000aqDqQAI","false","false","0056A000001mlPTQAY","2018-02-28T21:09:07.000Z","true","08p6A000000awWCQAY","","0Hn6A000000YQZiSAO","2018-02-28T21:09:07.000Z"
"43.0","AR-1348","0056A000001mlPTQAY","2018-02-28T21:09:07.000Z","20.0","0.0","4.875899743624","0.0","","false","03r6A000000aqDrQAI","false","false","0056A000001mlPTQAY","2018-02-28T21:09:07.000Z","true","08p6A000000awWDQAY","","0Hn6A000000YQZdSAO","2018-02-28T21:09:07.000Z"
"25.0","AR-1351","0056A000001mlPTQAY","2018-02-28T21:09:07.000Z","11.0","0.0","2.511582358064","0.0","","false","03r6A000000aqDsQAI","false","false","0056A000001mlPTQAY","2018-02-28T21:09:07.000Z","true","08p6A000000awWxQAI","","0Hn6A000000YQZdSAO","2018-02-28T21:09:07.000Z"
"33.0","AR-1354","0056A000001mlPTQAY","2018-02-28T21:09:07.000Z","14.0","0.0","3.380880655672","0.0","","false","03r6A000000aqDtQAI","false","false","0056A000001mlPTQAY","2018-02-28T21:09:07.000Z","true","08p6A000000awWyQAI","","0Hn6A000000YQZhSAO","2018-02-28T21:09:07.000Z"
"41.0","AR-1360","0056A000001mlPTQAY","2018-02-28T21:09:07.000Z","10.0","5.976348124656","2.492319851112","24.0","","false","03r6A000000aqDuQAI","false","false","0056A000001mlPTQAY","2018-02-28T21:09:07.000Z","true","08p6A000000awX1QAI","","0Hn6A000000YQZbSAO","2018-02-28T21:09:07.000Z"
"15.0","AR-1363","0056A000001mlPTQAY","2018-02-28T21:09:07.000Z","14.0","0.0","3.368453231832","0.0","","false","03r6A000000aqDvQAI","false","false","0056A000001mlPTQAY","2018-02-28T21:09:07.000Z","true","08p6A000000awYDQAY","","0Hn6A000000YQZdSAO","2018-02-28T21:09:07.000Z"
"50.0","AR-1365","0056A000001mlPTQAY","2018-02-28T21:09:07.000Z","9.0","0.0","2.052389047176","0.0","","false","03r6A000000aqDwQAI","false","false","0056A000001mlPTQAY","2018-02-28T21:09:07.000Z","true","08p6A000000awZ5QAI","","0Hn6A000000YQZdSAO","2018-02-28T21:09:07.000Z"
"40.0","AR-1371","0056A000001mlPTQAY","2018-02-28T21:09:07.000Z","7.0","8.411501826104","1.708149406808","34.0","","false","03r6A000000aqDxQAI","false","false","0056A000001mlPTQAY","2018-02-28T21:09:07.000Z","true","08p6A000000awa9QAA","","0Hn6A000000YQZdSAO","2018-02-28T21:09:07.000Z"
"25.0","AR-1372","0056A000001mlPTQAY","2018-02-28T21:09:07.000Z","25.0","0.0","6.193828041856","0.0","","false","03r6A000000aqDyQAI","false","false","0056A000001mlPTQAY","2018-02-28T21:09:07.000Z","true","08p6A000000awaAQAQ","","0Hn6A000000YQZiSAO","2018-02-28T21:09:07.000Z"
"54.0","AR-1373","0056A000001mlPTQAY","2018-02-28T21:09:07.000Z","9.0","6.284548235888","2.141245127632","26.0","","false","03r6A000000aqDzQAI","false","false","0056A000001mlPTQAY","2018-02-28T21:09:07.000Z","true","08p6A000000awa5QAA","","0Hn6A000000YQZiSAO","2018-02-28T21:09:07.000Z"
"50.0","AR-1375","0056A000001mlPTQAY","2018-02-28T21:09:07.000Z","7.0","0.0","1.519873935632","0.0","","false","03r6A000000aqE0QAI","false","false","0056A000001mlPTQAY","2018-02-28T21:09:07.000Z","true","08p6A000000awa7QAA","","0Hn6A000000YQZfSAO","2018-02-28T21:09:07.000Z"
"54.0","AR-1376","0056A000001mlPTQAY","2018-02-28T21:09:07.000Z","13.0","0.0","3.146002345096","0.0","","false","03r6A000000aqE1QAI","false","false","0056A000001mlPTQAY","2018-02-28T21:09:07.000Z","true","08p6A000000awX2QAI","","0Hn6A000000YQZgSAO","2018-02-28T21:09:07.000Z"
"34.0","AR-1377","0056A000001mlPTQAY","2018-02-28T21:09:07.000Z","48.0","0.0","11.988114407256","0.0","","false","03r6A000000aqE2QAI","false","false","0056A000001mlPTQAY","2018-02-28T21:09:07.000Z","true","08p6A000000awX3QAI","","0Hn6A000000YQZcSAO","2018-02-28T21:09:07.000Z"
"42.0","AR-1378","0056A000001mlPTQAY","2018-02-28T21:09:07.000Z","24.0","4.202333371496","5.85331662864","17.0","","false","03r6A000000aqE3QAI","false","false","0056A000001mlPTQAY","2018-02-28T21:09:07.000Z","true","08p6A000000awX4QAI","","0Hn6A000000YQZfSAO","2018-02-28T21:09:07.000Z"
"22.0","AR-1382","0056A000001mlPTQAY","2018-02-28T21:09:07.000Z","15.0","0.0","3.708343273856","0.0","","false","03r6A000000aqE4QAI","false","false","0056A000001mlPTQAY","2018-02-28T21:09:07.000Z","true","08p6A000000awZJQAY","","0Hn6A000000YQZcSAO","2018-02-28T21:09:07.000Z"
"9.0","AR-1383","0056A000001mlPTQAY","2018-02-28T21:09:07.000Z","4.0","0.0","0.849414419464","0.0","","false","03r6A000000aqE5QAI","false","false","0056A000001mlPTQAY","2018-02-28T21:09:07.000Z","true","08p6A000000awZ6QAI","","0Hn6A000000YQZjSAO","2018-02-28T21:09:07.000Z"
"12.0","AR-1384","0056A000001mlPTQAY","2018-02-28T21:09:07.000Z","13.0","0.0","3.086350710664","0.0","","false","03r6A000000aqE6QAI","false","false","0056A000001mlPTQAY","2018-02-28T21:09:07.000Z","true","08p6A000000awZ7QAI","","0Hn6A000000YQZcSAO","2018-02-28T21:09:07.000Z"
"2.0","AR-1385","0056A000001mlPTQAY","2018-02-28T21:09:07.000Z","31.0","0.0","7.681390675504","0.0","","false","03r6A000000aqE7QAI","false","false","0056A000001mlPTQAY","2018-02-28T21:09:07.000Z","true","08p6A000000awZ8QAI","","0Hn6A000000YQZgSAO","2018-02-28T21:09:07.000Z"
"4.5","AR-1386","0056A000001mlPTQAY","2018-02-28T21:09:07.000Z","14.0","0.0","3.34297701296","0.0","","false","03r6A000000aqE8QAI","false","false","0056A000001mlPTQAY","2018-02-28T21:09:07.000Z","true","08p6A000000awZ9QAI","","0Hn6A000000YQZjSAO","2018-02-28T21:09:07.000Z"
"19.0","AR-1387","0056A000001mlPTQAY","2018-02-28T21:09:07.000Z","20.0","0.0","4.997688497256","0.0","","false","03r6A000000aqE9QAI","false","false","0056A000001mlPTQAY","2018-02-28T21:09:07.000Z","true","08p6A000000awZAQAY","","0Hn6A000000YQZcSAO","2018-02-28T21:09:07.000Z"
"9.0","AR-1388","0056A000001mlPTQAY","2018-02-28T21:09:07.000Z","18.0","0.0","4.29988864864","0.0","","false","03r6A000000aqEAQAY","false","false","0056A000001mlPTQAY","2018-02-28T21:09:07.000Z","true","08p6A000000awZBQAY","","0Hn6A000000YQZgSAO","2018-02-28T21:09:07.000Z"
"17.0","AR-1389","0056A000001mlPTQAY","2018-02-28T21:09:07.000Z","11.0","8.00326095296","2.666303784872","32.0","","false","03r6A000000aqEBQAY","false","false","0056A000001mlPTQAY","2018-02-28T21:09:07.000Z","true","08p6A000000awZCQAY","","0Hn6A000000YQZgSAO","2018-02-28T21:09:07.000Z"
"5.0","AR-1393","0056A000001mlPTQAY","2018-02-28T21:09:07.000Z","15.0","13.515444797192","3.621972678168","55.0","","false","03r6A000000aqECQAY","false","false","0056A000001mlPTQAY","2018-02-28T21:09:07.000Z","true","08p6A000000awZEQAY","","0Hn6A000000YQZjSAO","2018-02-28T21:09:07.000Z"
"33.0","AR-1394","0056A000001mlPTQAY","2018-02-28T21:09:07.000Z","10.0","6.956871865632","2.3767448094","28.0","","false","03r6A000000aqEDQAY","false","false","0056A000001mlPTQAY","2018-02-28T21:09:07.000Z","true","08p6A000000awZFQAY","","0Hn6A000000YQZcSAO","2018-02-28T21:09:07.000Z"
"1.0","AR-1396","0056A000001mlPTQAY","2018-02-28T21:09:07.000Z","21.0","0.0","5.062311101224","0.0","","false","03r6A000000aqEEQAY","false","false","0056A000001mlPTQAY","2018-02-28T21:09:07.000Z","true","08p6A000000awZGQAY","","0Hn6A000000YQZbSAO","2018-02-28T21:09:07.000Z"
"40.0","AR-1397","0056A000001mlPTQAY","2018-02-28T21:09:07.000Z","27.0","5.720343193552","6.690303624264","23.0","","false","03r6A000000aqEFQAY","false","false","0056A000001mlPTQAY","2018-02-28T21:09:07.000Z","true","08p6A000000awZHQAY","","0Hn6A000000YQZhSAO","2018-02-28T21:09:07.000Z"
"26.0","AR-1398","0056A000001mlPTQAY","2018-02-28T21:09:07.000Z","41.0","0.0","10.107223809072","0.0","","false","03r6A000000aqEGQAY","false","false","0056A000001mlPTQAY","2018-02-28T21:09:07.000Z","true","08p6A000000awZIQAY","","0Hn6A000000YQZeSAO","2018-02-28T21:09:07.000Z"
"53.0","AR-1399","0056A000001mlPTQAY","2018-02-28T21:09:07.000Z","13.0","0.0","3.20316849476","0.0","","false","03r6A000000aqEHQAY","false","false","0056A000001mlPTQAY","2018-02-28T21:09:07.000Z","true","08p6A000000awYcQAI","","0Hn6A000000YQZeSAO","2018-02-28T21:09:07.000Z"
"23.0","AR-1401","0056A000001mlPTQAY","2018-02-28T21:09:07.000Z","23.0","0.0","5.510319730656","0.0","","false","03r6A000000aqEIQAY","false","false","0056A000001mlPTQAY","2018-02-28T21:09:07.000Z","true","08p6A000000awYdQAI","","0Hn6A000000YQZeSAO","2018-02-28T21:09:07.000Z"
"34.0","AR-1405","0056A000001mlPTQAY","2018-02-28T21:09:07.000Z","1.0","0.0","0.159071025152","0.0","","false","03r6A000000aqEJQAY","false","false","0056A000001mlPTQAY","2018-02-28T21:09:07.000Z","true","08p6A000000awYeQAI","","0Hn6A000000YQZiSAO","2018-02-28T21:09:07.000Z"
"52.0","AR-1408","0056A000001mlPTQAY","2018-02-28T21:09:07.000Z","25.0","0.0","6.20128449616","0.0","","false","03r6A000000aqEKQAY","false","false","0056A000001mlPTQAY","2018-02-28T21:09:07.000Z","true","08p6A000000awYfQAI","","0Hn6A000000YQZbSAO","2018-02-28T21:09:07.000Z"
"43.0","AR-1417","0056A000001mlPTQAY","2018-02-28T21:09:07.000Z","9.0","0.0","2.067301955784","0.0","","false","03r6A000000aqELQAY","false","false","0056A000001mlPTQAY","2018-02-28T21:09:07.000Z","true","08p6A000000awaBQAQ","","0Hn6A000000YQZfSAO","2018-02-28T21:09:07.000Z"
"51.0","AR-1411","0056A000001mlPTQAY","2018-02-28T21:09:07.000Z","26.0","9.753663600824","6.364705119656","39.0","","false","03r6A000000aqEMQAY","false","false","0056A000001mlPTQAY","2018-02-28T21:09:07.000Z","true","08p6A000000awYgQAI","","0Hn6A000000YQZeSAO","2018-02-28T21:09:07.000Z"
"43.0","AR-1412","0056A000001mlPTQAY","2018-02-28T21:09:07.000Z","27.0","0.0","6.526883000768","0.0","","false","03r6A000000aqENQAY","false","false","0056A000001mlPTQAY","2018-02-28T21:09:07.000Z","true","08p6A000000awaLQAQ","","0Hn6A000000YQZdSAO","2018-02-28T21:09:07.000Z"
"23.0","AR-1413","0056A000001mlPTQAY","2018-02-28T21:09:07.000Z","11.0","0.0","2.672517496792","0.0","","false","03r6A000000aqEOQAY","false","false","0056A000001mlPTQAY","2018-02-28T21:09:07.000Z","true","08p6A000000awaMQAQ","","0Hn6A000000YQZdSAO","2018-02-28T21:09:07.000Z"
"16.5","AR-1414","0056A000001mlPTQAY","2018-02-28T21:09:07.000Z","7.0","0.0","1.5347868442400001","0.0","","false","03r6A000000aqEPQAY","false","false","0056A000001mlPTQAY","2018-02-28T21:09:07.000Z","true","08p6A000000awYlQAI","","0Hn6A000000YQZjSAO","2018-02-28T21:09:07.000Z"
"29.0","AR-1422","0056A000001mlPTQAY","2018-02-28T21:09:07.000Z","11.0","0.0","2.696129602088","0.0","","false","03r6A000000aqEQQAY","false","false","0056A000001mlPTQAY","2018-02-28T21:09:07.000Z","true","08p6A000000awYpQAI","","0Hn6A000000YQZfSAO","2018-02-28T21:09:07.000Z"
"17.0","AR-1423","0056A000001mlPTQAY","2018-02-28T21:09:07.000Z","10.0","0.0","2.495426707072","0.0","","false","03r6A000000aqERQAY","false","false","0056A000001mlPTQAY","2018-02-28T21:09:07.000Z","true","08p6A000000awYmQAI","","0Hn6A000000YQZiSAO","2018-02-28T21:09:07.000Z"
"33.0","AR-1425","0056A000001mlPTQAY","2018-02-28T21:09:07.000Z","7.0","0.0","1.560884434304","0.0","","false","03r6A000000aqESQAY","false","false","0056A000001mlPTQAY","2018-02-28T21:09:07.000Z","true","08p6A000000awYnQAI","","0Hn6A000000YQZhSAO","2018-02-28T21:09:07.000Z"
"4.0","AR-1428","0056A000001mlPTQAY","2018-02-28T21:09:07.000Z","5.0","0.0","1.170041954536","0.0","","false","03r6A000000aqETQAY","false","false","0056A000001mlPTQAY","2018-02-28T21:09:07.000Z","true","08p6A000000awYoQAI","","0Hn6A000000YQZaSAO","2018-02-28T21:09:07.000Z"
"9.0","AR-1432","0056A000001mlPTQAY","2018-02-28T21:09:07.000Z","14.0","0.0","3.457309312288","0.0","","false","03r6A000000aqEUQAY","false","false","0056A000001mlPTQAY","2018-02-28T21:09:07.000Z","true","08p6A000000awYvQAI","","0Hn6A000000YQZjSAO","2018-02-28T21:09:07.000Z"
"31.0","AR-1433","0056A000001mlPTQAY","2018-02-28T21:09:07.000Z","4.0","3.270897954688","0.904716455552","14.0","","false","03r6A000000aqEVQAY","false","false","0056A000001mlPTQAY","2018-02-28T21:09:07.000Z","true","08p6A000000awYwQAI","","0Hn6A000000YQZiSAO","2018-02-28T21:09:07.000Z"
"50.0","AR-1437","0056A000001mlPTQAY","2018-02-28T21:09:07.000Z","12.0","0.0","2.909881292136","0.0","","false","03r6A000000aqEWQAY","false","false","0056A000001mlPTQAY","2018-02-28T21:09:07.000Z","true","08p6A000000awYyQAI","","0Hn6A000000YQZaSAO","2018-02-28T21:09:07.000Z"
"24.0","AR-1443","0056A000001mlPTQAY","2018-02-28T21:09:07.000Z","4.0","0.0","0.95691163568","0.0","","false","03r6A000000aqEXQAY","false","false","0056A000001mlPTQAY","2018-02-28T21:09:07.000Z","true","08p6A000000awdFQAQ","","0Hn6A000000YQZaSAO","2018-02-28T21:09:07.000Z"
"53.0","AR-1444","0056A000001mlPTQAY","2018-02-28T21:09:07.000Z","6.0","0.0","1.2644903757200001","0.0","","false","03r6A000000aqEYQAY","false","false","0056A000001mlPTQAY","2018-02-28T21:09:07.000Z","true","08p6A000000awYzQAI","","0Hn6A000000YQZaSAO","2018-02-28T21:09:07.000Z"
"42.0","AR-1447","0056A000001mlPTQAY","2018-02-28T21:09:07.000Z","13.0","0.0","3.178935018272","0.0","","false","03r6A000000aqEZQAY","false","false","0056A000001mlPTQAY","2018-02-28T21:09:07.000Z","true","08p6A000000awZ0QAI","","0Hn6A000000YQZbSAO","2018-02-28T21:09:07.000Z"
"7.0","AR-1448","0056A000001mlPTQAY","2018-02-28T21:09:07.000Z","10.0","0.0","2.301558895168","0.0","","false","03r6A000000aqEaQAI","false","false","0056A000001mlPTQAY","2018-02-28T21:09:07.000Z","true","08p6A000000awZ1QAI","","0Hn6A000000YQZfSAO","2018-02-28T21:09:07.000Z"
"43.0","AR-1449","0056A000001mlPTQAY","2018-02-28T21:09:07.000Z","6.0","0.0","1.431639226368","0.0","","false","03r6A000000aqEbQAI","false","false","0056A000001mlPTQAY","2018-02-28T21:09:07.000Z","true","08p6A000000awZ2QAI","","0Hn6A000000YQZhSAO","2018-02-28T21:09:07.000Z"
"43.0","AR-1450","0056A000001mlPTQAY","2018-02-28T21:09:07.000Z","11.0","2.561292053424","2.683080807056","11.0","","false","03r6A000000aqEcQAI","false","false","0056A000001mlPTQAY","2018-02-28T21:09:07.000Z","true","08p6A000000awZ3QAI","","0Hn6A000000YQZbSAO","2018-02-28T21:09:07.000Z"
"40.0","AR-1452","0056A000001mlPTQAY","2018-02-28T21:09:07.000Z","15.0","0.0","3.572262982808","0.0","","false","03r6A000000aqEdQAI","false","false","0056A000001mlPTQAY","2018-02-28T21:09:07.000Z","true","08p6A000000awdGQAQ","","0Hn6A000000YQZdSAO","2018-02-28T21:09:07.000Z"
"29.0","AR-1455","0056A000001mlPTQAY","2018-02-28T21:09:07.000Z","8.0","0.0","1.952348285264","0.0","","false","03r6A000000aqEeQAI","false","false","0056A000001mlPTQAY","2018-02-28T21:09:07.000Z","true","08p6A000000awZ4QAI","","0Hn6A000000YQZjSAO","2018-02-28T21:09:07.000Z"
"32.0","AR-1456","0056A000001mlPTQAY","2018-02-28T21:09:07.000Z","19.0","5.569349993896","4.662769424768","23.0","","false","03r6A000000aqEfQAI","false","false","0056A000001mlPTQAY","2018-02-28T21:09:07.000Z","true","08p6A000000awdHQAQ","","0Hn6A000000YQZaSAO","2018-02-28T21:09:07.000Z"
"22.0","AR-1463","0056A000001mlPTQAY","2018-02-28T21:09:07.000Z","3.0","0.0","0.51573808936","0.0","","false","03r6A000000aqEgQAI","false","false","0056A000001mlPTQAY","2018-02-28T21:09:07.000Z","true","08p6A000000awdKQAQ","","0Hn6A000000YQZhSAO","2018-02-28T21:09:07.000Z"
"58.0","AR-1459","0056A000001mlPTQAY","2018-02-28T21:09:07.000Z","12.0","4.357054798304","2.886890558032","18.0","","false","03r6A000000aqEhQAI","false","false","0056A000001mlPTQAY","2018-02-28T21:09:07.000Z","true","08p6A000000awdIQAQ","","0Hn6A000000YQZdSAO","2018-02-28T21:09:07.000Z"
"7.0","AR-1462","0056A000001mlPTQAY","2018-02-28T21:09:07.000Z","7.0","0.0","1.557156207152","0.0","","false","03r6A000000aqEiQAI","false","false","0056A000001mlPTQAY","2018-02-28T21:09:07.000Z","true","08p6A000000awdJQAQ","","0Hn6A000000YQZjSAO","2018-02-28T21:09:07.000Z"
"29.0","AR-1464","0056A000001mlPTQAY","2018-02-28T21:09:07.000Z","10.0","0.0","2.377987551784","0.0","","false","03r6A000000aqEjQAI","false","false","0056A000001mlPTQAY","2018-02-28T21:09:07.000Z","true","08p6A000000awdLQAQ","","0Hn6A000000YQZhSAO","2018-02-28T21:09:07.000Z"
"57.0","AR-1465","0056A000001mlPTQAY","2018-02-28T21:09:07.000Z","14.0","0.0","3.336141929848","0.0","","false","03r6A000000aqEkQAI","false","false","0056A000001mlPTQAY","2018-02-28T21:09:07.000Z","true","08p6A000000awdMQAQ","","0Hn6A000000YQZcSAO","2018-02-28T21:09:07.000Z"
"25.5","AR-1466","0056A000001mlPTQAY","2018-02-28T21:09:07.000Z","11.0","0.0","2.67500298156","0.0","","false","03r6A000000aqElQAI","false","false","0056A000001mlPTQAY","2018-02-28T21:09:07.000Z","true","08p6A000000awdNQAQ","","0Hn6A000000YQZjSAO","2018-02-28T21:09:07.000Z"
"25.0","AR-1467","0056A000001mlPTQAY","2018-02-28T21:09:07.000Z","14.0","9.335480788608","3.384608882824","38.0","","false","03r6A000000aqEmQAI","false","false","0056A000001mlPTQAY","2018-02-28T21:09:07.000Z","true","08p6A000000awdOQAQ","","0Hn6A000000YQZjSAO","2018-02-28T21:09:07.000Z"
"37.0","AR-1472","0056A000001mlPTQAY","2018-02-28T21:09:07.000Z","36.0","0.0","8.970735898904","0.0","","false","03r6A000000aqEnQAI","false","false","0056A000001mlPTQAY","2018-02-28T21:09:07.000Z","true","08p6A000000awX5QAI","","0Hn6A000000YQZcSAO","2018-02-28T21:09:07.000Z"
"23.0","AR-1473","0056A000001mlPTQAY","2018-02-28T21:09:07.000Z","23.0","7.007202932184","5.7166149664","29.0","","false","03r6A000000aqEoQAI","false","false","0056A000001mlPTQAY","2018-02-28T21:09:07.000Z","true","08p6A000000awX6QAI","","0Hn6A000000YQZcSAO","2018-02-28T21:09:07.000Z"
"52.0","AR-1479","0056A000001mlPTQAY","2018-02-28T21:09:07.000Z","30.0","0.0","7.363869996392","0.0","","false","03r6A000000aqEpQAI","false","false","0056A000001mlPTQAY","2018-02-28T21:09:07.000Z","true","08p6A000000awX8QAI","","0Hn6A000000YQZfSAO","2018-02-28T21:09:07.000Z"
"18.0","AR-1481","0056A000001mlPTQAY","2018-02-28T21:09:07.000Z","43.0","0.0","10.749100250408","0.0","","false","03r6A000000aqEqQAI","false","false","0056A000001mlPTQAY","2018-02-28T21:09:07.000Z","true","08p6A000000awX7QAI","","0Hn6A000000YQZgSAO","2018-02-28T21:09:07.000Z"
"54.0","AR-1484","0056A000001mlPTQAY","2018-02-28T21:09:07.000Z","10.0","0.0","2.350025848144","0.0","","false","03r6A000000aqErQAI","false","false","0056A000001mlPTQAY","2018-02-28T21:09:07.000Z","true","08p6A000000awX9QAI","","0Hn6A000000YQZgSAO","2018-02-28T21:09:07.000Z"
"25.0","AR-1487","0056A000001mlPTQAY","2018-02-28T21:09:07.000Z","23.0","0.0","5.737741586928","0.0","","false","03r6A000000aqEsQAI","false","false","0056A000001mlPTQAY","2018-02-28T21:09:07.000Z","true","08p6A000000awXBQAY","","0Hn6A000000YQZgSAO","2018-02-28T21:09:07.000Z"
"28.0","AR-1493","0056A000001mlPTQAY","2018-02-28T21:09:07.000Z","23.0","0.0","5.62651614356","0.0","","false","03r6A000000aqEtQAI","false","false","0056A000001mlPTQAY","2018-02-28T21:09:07.000Z","true","08p6A000000awTdQAI","","0Hn6A000000YQZeSAO","2018-02-28T21:09:07.000Z"
"59.0","AR-1494","0056A000001mlPTQAY","2018-02-28T21:09:07.000Z","20.0","7.5067853705520005","4.97407639196","31.0","","false","03r6A000000aqEuQAI","false","false","0056A000001mlPTQAY","2018-02-28T21:09:07.000Z","true","08p6A000000awTeQAI","","0Hn6A000000YQZgSAO","2018-02-28T21:09:07.000Z"
"59.0","AR-1495","0056A000001mlPTQAY","2018-02-28T21:09:07.000Z","25.0","0.0","6.203148609736","0.0","","false","03r6A000000aqEvQAI","false","false","0056A000001mlPTQAY","2018-02-28T21:09:07.000Z","true","08p6A000000awTfQAI","","0Hn6A000000YQZeSAO","2018-02-28T21:09:07.000Z"
"47.0","AR-1496","0056A000001mlPTQAY","2018-02-28T21:09:07.000Z","21.0","0.0","5.158002264792","0.0","","false","03r6A000000aqEwQAI","false","false","0056A000001mlPTQAY","2018-02-28T21:09:07.000Z","true","08p6A000000awTgQAI","","0Hn6A000000YQZeSAO","2018-02-28T21:09:07.000Z"
"22.0","AR-1502","0056A000001mlPTQAY","2018-02-28T21:09:07.000Z","34.0","0.0","8.272314679096","0.0","","false","03r6A000000aqExQAI","false","false","0056A000001mlPTQAY","2018-02-28T21:09:07.000Z","true","08p6A000000awThQAI","","0Hn6A000000YQZeSAO","2018-02-28T21:09:07.000Z"
"40.0","AR-1503","0056A000001mlPTQAY","2018-02-28T21:09:07.000Z","11.0","0.0","2.593603355408","0.0","","false","03r6A000000aqEyQAI","false","false","0056A000001mlPTQAY","2018-02-28T21:09:07.000Z","true","08p6A000000awTiQAI","","0Hn6A000000YQZdSAO","2018-02-28T21:09:07.000Z"
"44.0","AR-1504","0056A000001mlPTQAY","2018-02-28T21:09:07.000Z","11.0","0.0","2.750810266984","0.0","","false","03r6A000000aqEzQAI","false","false","0056A000001mlPTQAY","2018-02-28T21:09:07.000Z","true","08p6A000000awTjQAI","","0Hn6A000000YQZaSAO","2018-02-28T21:09:07.000Z"
"56.0","AR-1506","0056A000001mlPTQAY","2018-02-28T21:09:07.000Z","7.0","0.0","1.7255478001840001","0.0","","false","03r6A000000aqF0QAI","false","false","0056A000001mlPTQAY","2018-02-28T21:09:07.000Z","true","08p6A000000awTlQAI","","0Hn6A000000YQZhSAO","2018-02-28T21:09:07.000Z"
"53.0","AR-1509","0056A000001mlPTQAY","2018-02-28T21:09:07.000Z","12.0","0.0","2.941571222928","0.0","","false","03r6A000000aqF1QAI","false","false","0056A000001mlPTQAY","2018-02-28T21:09:07.000Z","true","08p6A000000awTmQAI","","0Hn6A000000YQZcSAO","2018-02-28T21:09:07.000Z"
"18.0","AR-1512","0056A000001mlPTQAY","2018-02-28T21:09:07.000Z","8.0","0.0","1.856657121696","0.0","","false","03r6A000000aqF2QAI","false","false","0056A000001mlPTQAY","2018-02-28T21:09:07.000Z","true","08p6A000000awTwQAI","","0Hn6A000000YQZbSAO","2018-02-28T21:09:07.000Z"
"54.0","AR-1513","0056A000001mlPTQAY","2018-02-28T21:09:07.000Z","29.0","0.0","7.173109040448","0.0","","false","03r6A000000aqF3QAI","false","false","0056A000001mlPTQAY","2018-02-28T21:09:07.000Z","true","08p6A000000awTxQAI","","0Hn6A000000YQZiSAO","2018-02-28T21:09:07.000Z"
"12.0","AR-1514","0056A000001mlPTQAY","2018-02-28T21:09:07.000Z","7.0","0.0","1.586360653176","0.0","","false","03r6A000000aqF4QAI","false","false","0056A000001mlPTQAY","2018-02-28T21:09:07.000Z","true","08p6A000000awTyQAI","","0Hn6A000000YQZiSAO","2018-02-28T21:09:07.000Z"
"5.0","AR-1516","0056A000001mlPTQAY","2018-02-28T21:09:07.000Z","29.0","0.0","7.062504968272","0.0","","false","03r6A000000aqF5QAI","false","false","0056A000001mlPTQAY","2018-02-28T21:09:07.000Z","true","08p6A000000awY2QAI","","0Hn6A000000YQZfSAO","2018-02-28T21:09:07.000Z"
"41.0","AR-1517","0056A000001mlPTQAY","2018-02-28T21:09:07.000Z","7.0","6.177051019672","1.673352620056","25.0","","false","03r6A000000aqF6QAI","false","false","0056A000001mlPTQAY","2018-02-28T21:09:07.000Z","true","08p6A000000awXuQAI","","0Hn6A000000YQZfSAO","2018-02-28T21:09:07.000Z"
"12.0","AR-1518","0056A000001mlPTQAY","2018-02-28T21:09:07.000Z","28.0","0.0","6.919589594112","0.0","","false","03r6A000000aqF7QAI","false","false","0056A000001mlPTQAY","2018-02-28T21:09:07.000Z","true","08p6A000000awXvQAI","","0Hn6A000000YQZgSAO","2018-02-28T21:09:07.000Z"
"21.0","AR-1522","0056A000001mlPTQAY","2018-02-28T21:09:07.000Z","4.0","8.643894651912","0.790384156224","35.0","","false","03r6A000000aqF8QAI","false","false","0056A000001mlPTQAY","2018-02-28T21:09:07.000Z","true","08p6A000000awXwQAI","","0Hn6A000000YQZaSAO","2018-02-28T21:09:07.000Z"
"4.0","AR-1524","0056A000001mlPTQAY","2018-02-28T21:09:07.000Z","10.0","0.0","2.316471803776","0.0","","false","03r6A000000aqF9QAI","false","false","0056A000001mlPTQAY","2018-02-28T21:09:07.000Z","true","08p6A000000awXxQAI","","0Hn6A000000YQZaSAO","2018-02-28T21:09:07.000Z"
"60.0","AR-1525","0056A000001mlPTQAY","2018-02-28T21:09:07.000Z","12.0","0.0","2.834074006712","0.0","","false","03r6A000000aqFAQAY","false","false","0056A000001mlPTQAY","2018-02-28T21:09:07.000Z","true","08p6A000000awXyQAI","","0Hn6A000000YQZgSAO","2018-02-28T21:09:07.000Z"
"32.0","AR-1527","0056A000001mlPTQAY","2018-02-28T21:09:07.000Z","5.0","9.974250373984","1.014077785344","40.0","","false","03r6A000000aqFBQAY","false","false","0056A000001mlPTQAY","2018-02-28T21:09:07.000Z","true","08p6A000000awXzQAI","","0Hn6A000000YQZeSAO","2018-02-28T21:09:07.000Z"
"49.0","AR-1528","0056A000001mlPTQAY","2018-02-28T21:09:07.000Z","6.0","0.0","1.476377952192","0.0","","false","03r6A000000aqFCQAY","false","false","0056A000001mlPTQAY","2018-02-28T21:09:07.000Z","true","08p6A000000awY0QAI","","0Hn6A000000YQZbSAO","2018-02-28T21:09:07.000Z"
"21.0","AR-1529","0056A000001mlPTQAY","2018-02-28T21:09:07.000Z","60.0","0.0","14.96261830336","0.0","","false","03r6A000000aqFDQAY","false","false","0056A000001mlPTQAY","2018-02-28T21:09:07.000Z","true","08p6A000000awY1QAI","","0Hn6A000000YQZeSAO","2018-02-28T21:09:07.000Z"
"14.0","AR-1532","0056A000001mlPTQAY","2018-02-28T21:09:07.000Z","9.0","0.0","2.07848663724","0.0","","false","03r6A000000aqFEQAY","false","false","0056A000001mlPTQAY","2018-02-28T21:09:07.000Z","true","08p6A000000awZiQAI","","0Hn6A000000YQZjSAO","2018-02-28T21:09:07.000Z"
"30.0","AR-1534","0056A000001mlPTQAY","2018-02-28T21:09:07.000Z","16.0","0.0","3.881705836424","0.0","","false","03r6A000000aqFFQAY","false","false","0056A000001mlPTQAY","2018-02-28T21:09:07.000Z","true","08p6A000000awZeQAI","","0Hn6A000000YQZeSAO","2018-02-28T21:09:07.000Z"
"46.0","AR-1536","0056A000001mlPTQAY","2018-02-28T21:09:07.000Z","20.0","0.0","4.82184044992","0.0","","false","03r6A000000aqFGQAY","false","false","0056A000001mlPTQAY","2018-02-28T21:09:07.000Z","true","08p6A000000awZfQAI","","0Hn6A000000YQZdSAO","2018-02-28T21:09:07.000Z"
"22.0","AR-1537","0056A000001mlPTQAY","2018-02-28T21:09:07.000Z","18.0","0.0","4.28124751288","0.0","","false","03r6A000000aqFHQAY","false","false","0056A000001mlPTQAY","2018-02-28T21:09:07.000Z","true","08p6A000000awZgQAI","","0Hn6A000000YQZiSAO","2018-02-28T21:09:07.000Z"
"46.0","AR-1538","0056A000001mlPTQAY","2018-02-28T21:09:07.000Z","19.0","0.0","4.506805255576","0.0","","false","03r6A000000aqFIQAY","false","false","0056A000001mlPTQAY","2018-02-28T21:09:07.000Z","true","08p6A000000awZhQAI","","0Hn6A000000YQZeSAO","2018-02-28T21:09:07.000Z"
"48.0","AR-1541","0056A000001mlPTQAY","2018-02-28T21:09:07.000Z","4.0","0.0","0.822074087016","0.0","","false","03r6A000000aqFJQAY","false","false","0056A000001mlPTQAY","2018-02-28T21:09:07.000Z","true","08p6A000000awTzQAI","","0Hn6A000000YQZcSAO","2018-02-28T21:09:07.000Z"
"22.0","AR-1542","0056A000001mlPTQAY","2018-02-28T21:09:07.000Z","14.0","0.0","3.317500794088","0.0","","false","03r6A000000aqFKQAY","false","false","0056A000001mlPTQAY","2018-02-28T21:09:07.000Z","true","08p6A000000awU0QAI","","0Hn6A000000YQZdSAO","2018-02-28T21:09:07.000Z"
"5.0","AR-1545","0056A000001mlPTQAY","2018-02-28T21:09:07.000Z","14.0","0.0","3.379016542096","0.0","","false","03r6A000000aqFLQAY","false","false","0056A000001mlPTQAY","2018-02-28T21:09:07.000Z","true","08p6A000000awU1QAI","","0Hn6A000000YQZfSAO","2018-02-28T21:09:07.000Z"
"3.0","AR-1548","0056A000001mlPTQAY","2018-02-28T21:09:07.000Z","17.0","0.0","4.134603911568","0.0","","false","03r6A000000aqFMQAY","false","false","0056A000001mlPTQAY","2018-02-28T21:09:07.000Z","true","08p6A000000awU2QAI","","0Hn6A000000YQZhSAO","2018-02-28T21:09:07.000Z"
"29.0","AR-1549","0056A000001mlPTQAY","2018-02-28T21:09:07.000Z","24.0","0.0","5.8564234846","0.0","","false","03r6A000000aqFNQAY","false","false","0056A000001mlPTQAY","2018-02-28T21:09:07.000Z","true","08p6A000000awU3QAI","","0Hn6A000000YQZbSAO","2018-02-28T21:09:07.000Z"
"17.0","AR-1550","0056A000001mlPTQAY","2018-02-28T21:09:07.000Z","10.0","0.0","2.386686748472","0.0","","false","03r6A000000aqFOQAY","false","false","0056A000001mlPTQAY","2018-02-28T21:09:07.000Z","true","08p6A000000awU4QAI","","0Hn6A000000YQZjSAO","2018-02-28T21:09:07.000Z"
"39.0","AR-1555","0056A000001mlPTQAY","2018-02-28T21:09:07.000Z","8.0","0.0","1.961047481952","0.0","","false","03r6A000000aqFPQAY","false","false","0056A000001mlPTQAY","2018-02-28T21:09:07.000Z","true","08p6A000000awYFQAY","","0Hn6A000000YQZaSAO","2018-02-28T21:09:07.000Z"
"13.0","AR-1558","0056A000001mlPTQAY","2018-02-28T21:09:07.000Z","6.0","0.0","1.367637993592","0.0","","false","03r6A000000aqFQQAY","false","false","0056A000001mlPTQAY","2018-02-28T21:09:07.000Z","true","08p6A000000awYGQAY","","0Hn6A000000YQZfSAO","2018-02-28T21:09:07.000Z"
"14.0","AR-1559","0056A000001mlPTQAY","2018-02-28T21:09:07.000Z","22.0","0.0","5.317073289944","0.0","","false","03r6A000000aqFRQAY","false","false","0056A000001mlPTQAY","2018-02-28T21:09:07.000Z","true","08p6A000000awYHQAY","","0Hn6A000000YQZiSAO","2018-02-28T21:09:07.000Z"
"58.0","AR-1563","0056A000001mlPTQAY","2018-02-28T21:09:07.000Z","14.0","0.0","3.351054838456","0.0","","false","03r6A000000aqFSQAY","false","false","0056A000001mlPTQAY","2018-02-28T21:09:07.000Z","true","08p6A000000awYIQAY","","0Hn6A000000YQZdSAO","2018-02-28T21:09:07.000Z"
"5.5","AR-1564","0056A000001mlPTQAY","2018-02-28T21:09:07.000Z","13.0","0.0","3.108720073576","0.0","","false","03r6A000000aqFTQAY","false","false","0056A000001mlPTQAY","2018-02-28T21:09:07.000Z","true","08p6A000000awYJQAY","","0Hn6A000000YQZjSAO","2018-02-28T21:09:07.000Z"
"6.0","AR-1572","0056A000001mlPTQAY","2018-02-28T21:09:07.000Z","38.0","0.0","9.453541315088","0.0","","false","03r6A000000aqFUQAY","false","false","0056A000001mlPTQAY","2018-02-28T21:09:07.000Z","true","08p6A000000awZnQAI","","0Hn6A000000YQZaSAO","2018-02-28T21:09:07.000Z"
"25.0","AR-1568","0056A000001mlPTQAY","2018-02-28T21:09:07.000Z","27.0","0.0","6.564165272288","0.0","","false","03r6A000000aqFVQAY","false","false","0056A000001mlPTQAY","2018-02-28T21:09:07.000Z","true","08p6A000000awZjQAI","","0Hn6A000000YQZhSAO","2018-02-28T21:09:07.000Z"
"52.0","AR-1569","0056A000001mlPTQAY","2018-02-28T21:09:07.000Z","28.0","0.0","6.951279524904","0.0","","false","03r6A000000aqFWQAY","false","false","0056A000001mlPTQAY","2018-02-28T21:09:07.000Z","true","08p6A000000awZkQAI","","0Hn6A000000YQZcSAO","2018-02-28T21:09:07.000Z"
"8.0","AR-1570","0056A000001mlPTQAY","2018-02-28T21:09:07.000Z","15.0","0.0","3.61638033744","0.0","","false","03r6A000000aqFXQAY","false","false","0056A000001mlPTQAY","2018-02-28T21:09:07.000Z","true","08p6A000000awZlQAI","","0Hn6A000000YQZgSAO","2018-02-28T21:09:07.000Z"
"47.0","AR-1571","0056A000001mlPTQAY","2018-02-28T21:09:07.000Z","6.0","0.0","1.32662749492","0.0","","false","03r6A000000aqFYQAY","false","false","0056A000001mlPTQAY","2018-02-28T21:09:07.000Z","true","08p6A000000awZmQAI","","0Hn6A000000YQZfSAO","2018-02-28T21:09:07.000Z"
"3.0","AR-1573","0056A000001mlPTQAY","2018-02-28T21:09:07.000Z","38.0","4.844209812832","9.36095700748","20.0","","false","03r6A000000aqFZQAY","false","false","0056A000001mlPTQAY","2018-02-28T21:09:07.000Z","true","08p6A000000awZoQAI","","0Hn6A000000YQZbSAO","2018-02-28T21:09:07.000Z"
"34.0","AR-1574","0056A000001mlPTQAY","2018-02-28T21:09:07.000Z","14.0","0.0","3.38336614044","0.0","","false","03r6A000000aqFaQAI","false","false","0056A000001mlPTQAY","2018-02-28T21:09:07.000Z","true","08p6A000000awZpQAI","","0Hn6A000000YQZeSAO","2018-02-28T21:09:07.000Z"
"15.0","AR-1576","0056A000001mlPTQAY","2018-02-28T21:09:07.000Z","15.0","0.0","3.670439631144","0.0","","false","03r6A000000aqFbQAI","false","false","0056A000001mlPTQAY","2018-02-28T21:09:07.000Z","true","08p6A000000awZqQAI","","0Hn6A000000YQZcSAO","2018-02-28T21:09:07.000Z"
"50.0","AR-1584","0056A000001mlPTQAY","2018-02-28T21:09:07.000Z","7.0","10.189244806416","1.700692952504","41.0","","false","03r6A000000aqFcQAI","false","false","0056A000001mlPTQAY","2018-02-28T21:09:07.000Z","true","08p6A000000awYLQAY","","0Hn6A000000YQZcSAO","2018-02-28T21:09:07.000Z"
"26.0","AR-1577","0056A000001mlPTQAY","2018-02-28T21:09:07.000Z","56.0","13.364451597536","13.798168689552","54.0","","false","03r6A000000aqFdQAI","false","false","0056A000001mlPTQAY","2018-02-28T21:09:07.000Z","true","08p6A000000awU5QAI","","0Hn6A000000YQZjSAO","2018-02-28T21:09:07.000Z"
"53.0","AR-1578","0056A000001mlPTQAY","2018-02-28T21:09:07.000Z","6.0","0.0","1.3670166224","0.0","","false","03r6A000000aqFeQAI","false","false","0056A000001mlPTQAY","2018-02-28T21:09:07.000Z","true","08p6A000000awU6QAI","","0Hn6A000000YQZgSAO","2018-02-28T21:09:07.000Z"
"19.0","AR-1580","0056A000001mlPTQAY","2018-02-28T21:09:07.000Z","18.0","4.12590471488","4.285597111224","17.0","","false","03r6A000000aqFfQAI","false","false","0056A000001mlPTQAY","2018-02-28T21:09:07.000Z","true","08p6A000000awY3QAI","","0Hn6A000000YQZdSAO","2018-02-28T21:09:07.000Z"
"29.0","AR-1583","0056A000001mlPTQAY","2018-02-28T21:09:07.000Z","33.0","0.948212438992","8.168545690032","4.0","","false","03r6A000000aqFgQAI","false","false","0056A000001mlPTQAY","2018-02-28T21:09:07.000Z","true","08p6A000000awYKQAY","","0Hn6A000000YQZfSAO","2018-02-28T21:09:07.000Z"
"42.0","AR-1585","0056A000001mlPTQAY","2018-02-28T21:09:07.000Z","6.0","2.2990734104","1.436610195904","10.0","","false","03r6A000000aqFhQAI","false","false","0056A000001mlPTQAY","2018-02-28T21:09:07.000Z","true","08p6A000000awYMQAY","","0Hn6A000000YQZiSAO","2018-02-28T21:09:07.000Z"
"43.0","AR-1586","0056A000001mlPTQAY","2018-02-28T21:09:07.000Z","20.0","6.109942930936","4.770888012176","25.0","","false","03r6A000000aqFiQAI","false","false","0056A000001mlPTQAY","2018-02-28T21:09:07.000Z","true","08p6A000000awYNQAY","","0Hn6A000000YQZhSAO","2018-02-28T21:09:07.000Z"
"1.0","AR-1590","0056A000001mlPTQAY","2018-02-28T21:09:07.000Z","21.0","7.579485800016","5.159245007176","31.0","","false","03r6A000000aqFjQAI","false","false","0056A000001mlPTQAY","2018-02-28T21:09:07.000Z","true","08p6A000000awVwQAI","","0Hn6A000000YQZgSAO","2018-02-28T21:09:07.000Z"
"20.0","AR-1605","0056A000001mlPTQAY","2018-02-28T21:09:07.000Z","10.0","15.231050658304","2.416512565688","61.0","","false","03r6A000000aqFkQAI","false","false","0056A000001mlPTQAY","2018-02-28T21:09:07.000Z","true","08p6A000000awccQAA","","0Hn6A000000YQZeSAO","2018-02-28T21:09:07.000Z"
"14.0","AR-1607","0056A000001mlPTQAY","2018-02-28T21:09:07.000Z","5.0","1.79886960084","1.038311261832","8.0","","false","03r6A000000aqFlQAI","false","false","0056A000001mlPTQAY","2018-02-28T21:09:07.000Z","true","08p6A000000awcgQAA","","0Hn6A000000YQZhSAO","2018-02-28T21:09:07.000Z"
"36.0","AR-1651","0056A000001mlPTQAY","2018-02-28T21:09:07.000Z","1.0","0.395192078112","0.176469418528","2.0","","false","03r6A000000aqFmQAI","false","false","0056A000001mlPTQAY","2018-02-28T21:09:07.000Z","true","08p6A000000awTVQAY","","0Hn6A000000YQZdSAO","2018-02-28T21:09:07.000Z"
"46.0","AR-1652","0056A000001mlPTQAY","2018-02-28T21:09:07.000Z","4.0","6.752440743464","0.950076552568","27.0","","false","03r6A000000aqFnQAI","false","false","0056A000001mlPTQAY","2018-02-28T21:09:07.000Z","true","08p6A000000awdPQAQ","","0Hn6A000000YQZaSAO","2018-02-28T21:09:07.000Z"
"48.0","AR-1654","0056A000001mlPTQAY","2018-02-28T21:09:07.000Z","21.0","0.0","5.170429688632","0.0","","false","03r6A000000aqFoQAI","false","false","0056A000001mlPTQAY","2018-02-28T21:09:07.000Z","true","08p6A000000awYOQAY","","0Hn6A000000YQZiSAO","2018-02-28T21:09:07.000Z"
"32.0","AR-1655","0056A000001mlPTQAY","2018-02-28T21:09:07.000Z","22.0","0.0","5.329500713784","0.0","","false","03r6A000000aqFpQAI","false","false","0056A000001mlPTQAY","2018-02-28T21:09:07.000Z","true","08p6A000000awYPQAY","","0Hn6A000000YQZaSAO","2018-02-28T21:09:07.000Z"
"4.0","AR-1656","0056A000001mlPTQAY","2018-02-28T21:09:07.000Z","11.0","0.0","2.524009781904","0.0","","false","03r6A000000aqFqQAI","false","false","0056A000001mlPTQAY","2018-02-28T21:09:07.000Z","true","08p6A000000awYQQAY","","0Hn6A000000YQZaSAO","2018-02-28T21:09:07.000Z"
"41.0","AR-1660","0056A000001mlPTQAY","2018-02-28T21:09:07.000Z","18.0","0.0","4.273169687384","0.0","","false","03r6A000000aqFrQAI","false","false","0056A000001mlPTQAY","2018-02-28T21:09:07.000Z","true","08p6A000000awVzQAI","","0Hn6A000000YQZiSAO","2018-02-28T21:09:07.000Z"
"49.0","AR-1657","0056A000001mlPTQAY","2018-02-28T21:09:07.000Z","3.0","0.0","0.529408255584","0.0","","false","03r6A000000aqFsQAI","false","false","0056A000001mlPTQAY","2018-02-28T21:09:07.000Z","true","08p6A000000awVvQAI","","0Hn6A000000YQZaSAO","2018-02-28T21:09:07.000Z"
"52.0","AR-1658","0056A000001mlPTQAY","2018-02-28T21:09:07.000Z","12.0","0.0","2.822889325256","0.0","","false","03r6A000000aqFtQAI","false","false","0056A000001mlPTQAY","2018-02-28T21:09:07.000Z","true","08p6A000000awVxQAI","","0Hn6A000000YQZgSAO","2018-02-28T21:09:07.000Z"
"52.0","AR-1659","0056A000001mlPTQAY","2018-02-28T21:09:07.000Z","6.0","0.0","1.3359480628","0.0","","false","03r6A000000aqFuQAI","false","false","0056A000001mlPTQAY","2018-02-28T21:09:07.000Z","true","08p6A000000awVyQAI","","0Hn6A000000YQZaSAO","2018-02-28T21:09:07.000Z"
"20.0","AR-1661","0056A000001mlPTQAY","2018-02-28T21:09:07.000Z","4.0","0.0","0.77360713404","0.0","","false","03r6A000000aqFvQAI","false","false","0056A000001mlPTQAY","2018-02-28T21:09:07.000Z","true","08p6A000000awW0QAI","","0Hn6A000000YQZjSAO","2018-02-28T21:09:07.000Z"
"19.5","AR-1667","0056A000001mlPTQAY","2018-02-28T21:09:07.000Z","7.0","0.0","1.636691719728","0.0","","false","03r6A000000aqFwQAI","false","false","0056A000001mlPTQAY","2018-02-28T21:09:07.000Z","true","08p6A000000awZsQAI","","0Hn6A000000YQZjSAO","2018-02-28T21:09:07.000Z"
"35.0","AR-1662","0056A000001mlPTQAY","2018-02-28T21:09:07.000Z","4.0","0.0","0.890424918136","0.0","","false","03r6A000000aqFxQAI","false","false","0056A000001mlPTQAY","2018-02-28T21:09:07.000Z","true","08p6A000000awW1QAI","","0Hn6A000000YQZfSAO","2018-02-28T21:09:07.000Z"
"30.0","AR-1663","0056A000001mlPTQAY","2018-02-28T21:09:07.000Z","7.0","0.0","1.675216733632","0.0","","false","03r6A000000aqFyQAI","false","false","0056A000001mlPTQAY","2018-02-28T21:09:07.000Z","true","08p6A000000awW2QAI","","0Hn6A000000YQZhSAO","2018-02-28T21:09:07.000Z"
"58.0","AR-1664","0056A000001mlPTQAY","2018-02-28T21:09:07.000Z","8.0","0.0","1.941784975","0.0","","false","03r6A000000aqFzQAI","false","false","0056A000001mlPTQAY","2018-02-28T21:09:07.000Z","true","08p6A000000awW3QAI","","0Hn6A000000YQZiSAO","2018-02-28T21:09:07.000Z"
"20.0","AR-1665","0056A000001mlPTQAY","2018-02-28T21:09:07.000Z","21.0","1.420454544912","5.1729151734","6.0","","false","03r6A000000aqG0QAI","false","false","0056A000001mlPTQAY","2018-02-28T21:09:07.000Z","true","08p6A000000awXYQAY","","0Hn6A000000YQZaSAO","2018-02-28T21:09:07.000Z"
"34.0","AR-1666","0056A000001mlPTQAY","2018-02-28T21:09:07.000Z","7.0","0.0","1.526087647552","0.0","","false","03r6A000000aqG1QAI","false","false","0056A000001mlPTQAY","2018-02-28T21:09:07.000Z","true","08p6A000000awZrQAI","","0Hn6A000000YQZhSAO","2018-02-28T21:09:07.000Z"
"24.0","AR-1668","0056A000001mlPTQAY","2018-02-28T21:09:07.000Z","11.0","0.0","2.623429172624","0.0","","false","03r6A000000aqG2QAI","false","false","0056A000001mlPTQAY","2018-02-28T21:09:07.000Z","true","08p6A000000awZtQAI","","0Hn6A000000YQZbSAO","2018-02-28T21:09:07.000Z"
"32.0","AR-1669","0056A000001mlPTQAY","2018-02-28T21:09:07.000Z","9.0","0.0","2.068544698168","0.0","","false","03r6A000000aqG3QAI","false","false","0056A000001mlPTQAY","2018-02-28T21:09:07.000Z","true","08p6A000000awZuQAI","","0Hn6A000000YQZiSAO","2018-02-28T21:09:07.000Z"
"14.0","AR-1670","0056A000001mlPTQAY","2018-02-28T21:09:07.000Z","10.0","0.0","2.3059084935120002","0.0","","false","03r6A000000aqG4QAI","false","false","0056A000001mlPTQAY","2018-02-28T21:09:07.000Z","true","08p6A000000awZvQAI","","0Hn6A000000YQZbSAO","2018-02-28T21:09:07.000Z"
"18.0","AR-1678","0056A000001mlPTQAY","2018-02-28T21:09:07.000Z","11.0","0.0","2.623429172624","0.0","","false","03r6A000000aqG5QAI","false","false","0056A000001mlPTQAY","2018-02-28T21:09:07.000Z","true","08p6A000000awXfQAI","","0Hn6A000000YQZaSAO","2018-02-28T21:09:07.000Z"
"35.0","AR-1671","0056A000001mlPTQAY","2018-02-28T21:09:07.000Z","21.0","0.0","5.207711960152","0.0","","false","03r6A000000aqG6QAI","false","false","0056A000001mlPTQAY","2018-02-28T21:09:07.000Z","true","08p6A000000awZwQAI","","0Hn6A000000YQZbSAO","2018-02-28T21:09:07.000Z"
"49.0","AR-1672","0056A000001mlPTQAY","2018-02-28T21:09:07.000Z","14.0","0.0","3.449852857984","0.0","","false","03r6A000000aqG7QAI","false","false","0056A000001mlPTQAY","2018-02-28T21:09:07.000Z","true","08p6A000000awcbQAA","","0Hn6A000000YQZbSAO","2018-02-28T21:09:07.000Z"
"22.0","AR-1673","0056A000001mlPTQAY","2018-02-28T21:09:07.000Z","9.0","0.0","2.025048714728","0.0","","false","03r6A000000aqG8QAI","false","false","0056A000001mlPTQAY","2018-02-28T21:09:07.000Z","true","08p6A000000awcdQAA","","0Hn6A000000YQZjSAO","2018-02-28T21:09:07.000Z"
"38.0","AR-1715","0056A000001mlPTQAY","2018-02-28T21:09:07.000Z","8.0","0.0","1.854171636928","0.0","","false","03r6A000000aqG9QAI","false","false","0056A000001mlPTQAY","2018-02-28T21:09:07.000Z","true","08p6A000000awXNQAY","","0Hn6A000000YQZiSAO","2018-02-28T21:09:07.000Z"
"57.0","AR-1674","0056A000001mlPTQAY","2018-02-28T21:09:07.000Z","12.0","2.29285969848","2.92665831432","10.0","","false","03r6A000000aqGAQAY","false","false","0056A000001mlPTQAY","2018-02-28T21:09:07.000Z","true","08p6A000000awceQAA","","0Hn6A000000YQZbSAO","2018-02-28T21:09:07.000Z"
"56.0","AR-1680","0056A000001mlPTQAY","2018-02-28T21:09:07.000Z","4.0","1.23342181612","0.83574425324","5.0","","false","03r6A000000aqGBQAY","false","false","0056A000001mlPTQAY","2018-02-28T21:09:07.000Z","true","08p6A000000awXaQAI","","0Hn6A000000YQZiSAO","2018-02-28T21:09:07.000Z"
"0.0","AR-1675","0056A000001mlPTQAY","2018-02-28T21:09:07.000Z","13.0","0.0","3.055903522256","0.0","","false","03r6A000000aqGCQAY","false","false","0056A000001mlPTQAY","2018-02-28T21:09:07.000Z","true","08p6A000000awcfQAA","","0Hn6A000000YQZjSAO","2018-02-28T21:09:07.000Z"
"20.5","AR-1676","0056A000001mlPTQAY","2018-02-28T21:09:07.000Z","11.0","6.377753914688","2.569991250112","26.0","","false","03r6A000000aqGDQAY","false","false","0056A000001mlPTQAY","2018-02-28T21:09:07.000Z","true","08p6A000000awchQAA","","0Hn6A000000YQZjSAO","2018-02-28T21:09:07.000Z"
"32.0","AR-1677","0056A000001mlPTQAY","2018-02-28T21:09:07.000Z","8.0","0.0","1.993980155128","0.0","","false","03r6A000000aqGEQAY","false","false","0056A000001mlPTQAY","2018-02-28T21:09:07.000Z","true","08p6A000000awciQAA","","0Hn6A000000YQZgSAO","2018-02-28T21:09:07.000Z"
"24.0","AR-1679","0056A000001mlPTQAY","2018-02-28T21:09:07.000Z","11.0","0.0","2.642070308384","0.0","","false","03r6A000000aqGFQAY","false","false","0056A000001mlPTQAY","2018-02-28T21:09:07.000Z","true","08p6A000000awXZQAY","","0Hn6A000000YQZcSAO","2018-02-28T21:09:07.000Z"
"57.0","AR-1681","0056A000001mlPTQAY","2018-02-28T21:09:07.000Z","28.0","0.0","6.804635923592","0.0","","false","03r6A000000aqGGQAY","false","false","0056A000001mlPTQAY","2018-02-28T21:09:07.000Z","true","08p6A000000awXbQAI","","0Hn6A000000YQZaSAO","2018-02-28T21:09:07.000Z"
"52.0","AR-1682","0056A000001mlPTQAY","2018-02-28T21:09:07.000Z","14.0","0.0","3.262198758","0.0","","false","03r6A000000aqGHQAY","false","false","0056A000001mlPTQAY","2018-02-28T21:09:07.000Z","true","08p6A000000awXcQAI","","0Hn6A000000YQZhSAO","2018-02-28T21:09:07.000Z"
"31.0","AR-1683","0056A000001mlPTQAY","2018-02-28T21:09:07.000Z","7.0","0.0","1.639177204496","0.0","","false","03r6A000000aqGIQAY","false","false","0056A000001mlPTQAY","2018-02-28T21:09:07.000Z","true","08p6A000000awXdQAI","","0Hn6A000000YQZcSAO","2018-02-28T21:09:07.000Z"
"20.0","AR-1684","0056A000001mlPTQAY","2018-02-28T21:09:07.000Z","21.0","0.0","5.093379660824","0.0","","false","03r6A000000aqGJQAY","false","false","0056A000001mlPTQAY","2018-02-28T21:09:07.000Z","true","08p6A000000awXeQAI","","0Hn6A000000YQZaSAO","2018-02-28T21:09:07.000Z"
"46.0","AR-1685","0056A000001mlPTQAY","2018-02-28T21:09:07.000Z","6.0","5.681818179648","1.476377952192","23.0","","false","03r6A000000aqGKQAY","false","false","0056A000001mlPTQAY","2018-02-28T21:09:07.000Z","true","08p6A000000awZxQAI","","0Hn6A000000YQZaSAO","2018-02-28T21:09:07.000Z"
"55.0","AR-1686","0056A000001mlPTQAY","2018-02-28T21:09:07.000Z","7.0","0.0","1.529194503512","0.0","","false","03r6A000000aqGLQAY","false","false","0056A000001mlPTQAY","2018-02-28T21:09:07.000Z","true","08p6A000000awZyQAI","","0Hn6A000000YQZgSAO","2018-02-28T21:09:07.000Z"
"50.0","AR-1687","0056A000001mlPTQAY","2018-02-28T21:09:07.000Z","13.0","0.0","3.102506361656","0.0","","false","03r6A000000aqGMQAY","false","false","0056A000001mlPTQAY","2018-02-28T21:09:07.000Z","true","08p6A000000awZzQAI","","0Hn6A000000YQZbSAO","2018-02-28T21:09:07.000Z"
"59.0","AR-1688","0056A000001mlPTQAY","2018-02-28T21:09:07.000Z","10.0","0.0","2.318335917352","0.0","","false","03r6A000000aqGNQAY","false","false","0056A000001mlPTQAY","2018-02-28T21:09:07.000Z","true","08p6A000000awXgQAI","","0Hn6A000000YQZcSAO","2018-02-28T21:09:07.000Z"
"35.0","AR-1689","0056A000001mlPTQAY","2018-02-28T21:09:07.000Z","8.0","0.0","1.98217410248","0.0","","false","03r6A000000aqGOQAY","false","false","0056A000001mlPTQAY","2018-02-28T21:09:07.000Z","true","08p6A000000awXhQAI","","0Hn6A000000YQZbSAO","2018-02-28T21:09:07.000Z"
"26.0","AR-1690","0056A000001mlPTQAY","2018-02-28T21:09:07.000Z","11.0","0.0","2.748324782216","0.0","","false","03r6A000000aqGPQAY","false","false","0056A000001mlPTQAY","2018-02-28T21:09:07.000Z","true","08p6A000000awa0QAA","","0Hn6A000000YQZdSAO","2018-02-28T21:09:07.000Z"
"7.0","AR-1691","0056A000001mlPTQAY","2018-02-28T21:09:07.000Z","12.0","0.0","2.9204446024","0.0","","false","03r6A000000aqGQQAY","false","false","0056A000001mlPTQAY","2018-02-28T21:09:07.000Z","true","08p6A000000awU7QAI","","0Hn6A000000YQZhSAO","2018-02-28T21:09:07.000Z"
"58.0","AR-1692","0056A000001mlPTQAY","2018-02-28T21:09:07.000Z","11.0","1.965397080296","2.629642884544","8.0","","false","03r6A000000aqGRQAY","false","false","0056A000001mlPTQAY","2018-02-28T21:09:07.000Z","true","08p6A000000awU8QAI","","0Hn6A000000YQZhSAO","2018-02-28T21:09:07.000Z"
"56.0","AR-1693","0056A000001mlPTQAY","2018-02-28T21:09:07.000Z","23.0","0.0","5.653856476008","0.0","","false","03r6A000000aqGSQAY","false","false","0056A000001mlPTQAY","2018-02-28T21:09:07.000Z","true","08p6A000000awU9QAI","","0Hn6A000000YQZdSAO","2018-02-28T21:09:07.000Z"
"48.0","AR-1700","0056A000001mlPTQAY","2018-02-28T21:09:07.000Z","11.0","0.0","2.644555793152","0.0","","false","03r6A000000aqGTQAY","false","false","0056A000001mlPTQAY","2018-02-28T21:09:07.000Z","true","08p6A000000awXDQAY","","0Hn6A000000YQZhSAO","2018-02-28T21:09:07.000Z"
"50.0","AR-1694","0056A000001mlPTQAY","2018-02-28T21:09:07.000Z","14.0","0.0","3.346705240112","0.0","","false","03r6A000000aqGUQAY","false","false","0056A000001mlPTQAY","2018-02-28T21:09:07.000Z","true","08p6A000000awXiQAI","","0Hn6A000000YQZfSAO","2018-02-28T21:09:07.000Z"
"12.0","AR-1701","0056A000001mlPTQAY","2018-02-28T21:09:07.000Z","11.0","4.74727590688","2.51344647164","19.0","","false","03r6A000000aqGVQAY","false","false","0056A000001mlPTQAY","2018-02-28T21:09:07.000Z","true","08p6A000000awXEQAY","","0Hn6A000000YQZdSAO","2018-02-28T21:09:07.000Z"
"30.0","AR-1695","0056A000001mlPTQAY","2018-02-28T21:09:07.000Z","8.0","0.0","1.979688617712","0.0","","false","03r6A000000aqGWQAY","false","false","0056A000001mlPTQAY","2018-02-28T21:09:07.000Z","true","08p6A000000awUAQAY","","0Hn6A000000YQZdSAO","2018-02-28T21:09:07.000Z"
"48.0","AR-1696","0056A000001mlPTQAY","2018-02-28T21:09:07.000Z","14.0","0.0","3.354161694416","0.0","","false","03r6A000000aqGXQAY","false","false","0056A000001mlPTQAY","2018-02-28T21:09:07.000Z","true","08p6A000000awUBQAY","","0Hn6A000000YQZdSAO","2018-02-28T21:09:07.000Z"
"26.0","AR-1697","0056A000001mlPTQAY","2018-02-28T21:09:07.000Z","9.0","0.0","2.104584227304","0.0","","false","03r6A000000aqGYQAY","false","false","0056A000001mlPTQAY","2018-02-28T21:09:07.000Z","true","08p6A000000awUCQAY","","0Hn6A000000YQZhSAO","2018-02-28T21:09:07.000Z"
"12.0","AR-1716","0056A000001mlPTQAY","2018-02-28T21:09:07.000Z","5.0","0.0","1.113497176064","0.0","","false","03r6A000000aqGZQAY","false","false","0056A000001mlPTQAY","2018-02-28T21:09:07.000Z","true","08p6A000000awXOQAY","","0Hn6A000000YQZhSAO","2018-02-28T21:09:07.000Z"
"34.0","AR-1698","0056A000001mlPTQAY","2018-02-28T21:09:07.000Z","7.0","0.0","1.681430445552","0.0","","false","03r6A000000aqGaQAI","false","false","0056A000001mlPTQAY","2018-02-28T21:09:07.000Z","true","08p6A000000awUDQAY","","0Hn6A000000YQZfSAO","2018-02-28T21:09:07.000Z"
"5.0","AR-1699","0056A000001mlPTQAY","2018-02-28T21:09:07.000Z","31.0","7.03392189344","7.66772050928","29.0","","false","03r6A000000aqGbQAI","false","false","0056A000001mlPTQAY","2018-02-28T21:09:07.000Z","true","08p6A000000awUEQAY","","0Hn6A000000YQZfSAO","2018-02-28T21:09:07.000Z"
"11.0","AR-1702","0056A000001mlPTQAY","2018-02-28T21:09:07.000Z","9.0","0.0","2.067301955784","0.0","","false","03r6A000000aqGcQAI","false","false","0056A000001mlPTQAY","2018-02-28T21:09:07.000Z","true","08p6A000000awXFQAY","","0Hn6A000000YQZhSAO","2018-02-28T21:09:07.000Z"
"48.0","AR-1703","0056A000001mlPTQAY","2018-02-28T21:09:07.000Z","12.0","0.0","2.756402607712","0.0","","false","03r6A000000aqGdQAI","false","false","0056A000001mlPTQAY","2018-02-28T21:09:07.000Z","true","08p6A000000awXGQAY","","0Hn6A000000YQZbSAO","2018-02-28T21:09:07.000Z"
"1.0","AR-1704","0056A000001mlPTQAY","2018-02-28T21:09:07.000Z","24.0","0.0","5.914832376648","0.0","","false","03r6A000000aqGeQAI","false","false","0056A000001mlPTQAY","2018-02-28T21:09:07.000Z","true","08p6A000000awXHQAY","","0Hn6A000000YQZcSAO","2018-02-28T21:09:07.000Z"
"14.0","AR-1706","0056A000001mlPTQAY","2018-02-28T21:09:07.000Z","5.0","0.0","1.035204405872","0.0","","false","03r6A000000aqGfQAI","false","false","0056A000001mlPTQAY","2018-02-28T21:09:07.000Z","true","08p6A000000awWEQAY","","0Hn6A000000YQZdSAO","2018-02-28T21:09:07.000Z"
"20.0","AR-1707","0056A000001mlPTQAY","2018-02-28T21:09:07.000Z","11.0","0.0","2.569991250112","0.0","","false","03r6A000000aqGgQAI","false","false","0056A000001mlPTQAY","2018-02-28T21:09:07.000Z","true","08p6A000000awWFQAY","","0Hn6A000000YQZbSAO","2018-02-28T21:09:07.000Z"
"27.0","AR-1708","0056A000001mlPTQAY","2018-02-28T21:09:07.000Z","17.0","0.0","4.14143899468","0.0","","false","03r6A000000aqGhQAI","false","false","0056A000001mlPTQAY","2018-02-28T21:09:07.000Z","true","08p6A000000awWGQAY","","0Hn6A000000YQZcSAO","2018-02-28T21:09:07.000Z"
"45.0","AR-1709","0056A000001mlPTQAY","2018-02-28T21:09:07.000Z","6.0","0.0","1.380686788624","0.0","","false","03r6A000000aqGiQAI","false","false","0056A000001mlPTQAY","2018-02-28T21:09:07.000Z","true","08p6A000000awWHQAY","","0Hn6A000000YQZdSAO","2018-02-28T21:09:07.000Z"
"45.0","AR-1710","0056A000001mlPTQAY","2018-02-28T21:09:07.000Z","1.0","10.010911274312","0.175848047336","41.0","","false","03r6A000000aqGjQAI","false","false","0056A000001mlPTQAY","2018-02-28T21:09:07.000Z","true","08p6A000000awXIQAY","","0Hn6A000000YQZcSAO","2018-02-28T21:09:07.000Z"
"41.0","AR-1711","0056A000001mlPTQAY","2018-02-28T21:09:07.000Z","22.0","0.0","5.3114809492160004","0.0","","false","03r6A000000aqGkQAI","false","false","0056A000001mlPTQAY","2018-02-28T21:09:07.000Z","true","08p6A000000awXJQAY","","0Hn6A000000YQZiSAO","2018-02-28T21:09:07.000Z"
"39.0","AR-1712","0056A000001mlPTQAY","2018-02-28T21:09:07.000Z","11.0","0.0","2.566884394152","0.0","","false","03r6A000000aqGlQAI","false","false","0056A000001mlPTQAY","2018-02-28T21:09:07.000Z","true","08p6A000000awXKQAY","","0Hn6A000000YQZiSAO","2018-02-28T21:09:07.000Z"
"5.0","AR-1713","0056A000001mlPTQAY","2018-02-28T21:09:07.000Z","27.0","0.0","6.54614550772","0.0","","false","03r6A000000aqGmQAI","false","false","0056A000001mlPTQAY","2018-02-28T21:09:07.000Z","true","08p6A000000awXLQAY","","0Hn6A000000YQZiSAO","2018-02-28T21:09:07.000Z"
"5.0","AR-1714","0056A000001mlPTQAY","2018-02-28T21:09:07.000Z","24.0","4.153245047328","5.92166745976","17.0","","false","03r6A000000aqGnQAI","false","false","0056A000001mlPTQAY","2018-02-28T21:09:07.000Z","true","08p6A000000awXMQAY","","0Hn6A000000YQZbSAO","2018-02-28T21:09:07.000Z"
"18.0","AR-1719","0056A000001mlPTQAY","2018-02-28T21:09:07.000Z","10.0","0.0","2.47927105608","0.0","","false","03r6A000000aqGoQAI","false","false","0056A000001mlPTQAY","2018-02-28T21:09:07.000Z","true","08p6A000000awXPQAY","","0Hn6A000000YQZgSAO","2018-02-28T21:09:07.000Z"
"10.0","AR-1720","0056A000001mlPTQAY","2018-02-28T21:09:07.000Z","21.0","0.0","5.23194543664","0.0","","false","03r6A000000aqGpQAI","false","false","0056A000001mlPTQAY","2018-02-28T21:09:07.000Z","true","08p6A000000awXQQAY","","0Hn6A000000YQZjSAO","2018-02-28T21:09:07.000Z"
"55.0","AR-1721","0056A000001mlPTQAY","2018-02-28T21:09:07.000Z","11.0","0.48777638572","2.724091305728","2.0","","false","03r6A000000aqGqQAI","false","false","0056A000001mlPTQAY","2018-02-28T21:09:07.000Z","true","08p6A000000awWIQAY","","0Hn6A000000YQZiSAO","2018-02-28T21:09:07.000Z"
"23.0","AR-1724","0056A000001mlPTQAY","2018-02-28T21:09:07.000Z","7.0","0.0","1.74294619356","0.0","","false","03r6A000000aqGrQAI","false","false","0056A000001mlPTQAY","2018-02-28T21:09:07.000Z","true","08p6A000000awWKQAY","","0Hn6A000000YQZgSAO","2018-02-28T21:09:07.000Z"
"10.5","AR-1725","0056A000001mlPTQAY","2018-02-28T21:09:07.000Z","28.0","0.0","6.886656920936","0.0","","false","03r6A000000aqGsQAI","false","false","0056A000001mlPTQAY","2018-02-28T21:09:07.000Z","true","08p6A000000awWLQAY","","0Hn6A000000YQZjSAO","2018-02-28T21:09:07.000Z"
"41.0","AR-1733","0056A000001mlPTQAY","2018-02-28T21:09:07.000Z","14.0","5.34068539524","3.469115364936","22.0","","false","03r6A000000aqGtQAI","false","false","0056A000001mlPTQAY","2018-02-28T21:09:07.000Z","true","08p6A000000awWNQAY","","0Hn6A000000YQZgSAO","2018-02-28T21:09:07.000Z"
"28.0","AR-1732","0056A000001mlPTQAY","2018-02-28T21:09:07.000Z","35.0","0.0","8.510299845632","0.0","","false","03r6A000000aqGuQAI","false","false","0056A000001mlPTQAY","2018-02-28T21:09:07.000Z","true","08p6A000000awWMQAY","","0Hn6A000000YQZjSAO","2018-02-28T21:09:07.000Z"
"51.0","AR-1740","0056A000001mlPTQAY","2018-02-28T21:09:07.000Z","17.0","0.0","4.096078897664","0.0","","false","03r6A000000aqGvQAI","false","false","0056A000001mlPTQAY","2018-02-28T21:09:07.000Z","true","08p6A000000awUOQAY","","0Hn6A000000YQZeSAO","2018-02-28T21:09:07.000Z"
"52.0","AR-1741","0056A000001mlPTQAY","2018-02-28T21:09:07.000Z","10.0","0.0","2.346297620992","0.0","","false","03r6A000000aqGwQAI","false","false","0056A000001mlPTQAY","2018-02-28T21:09:07.000Z","true","08p6A000000awUPQAY","","0Hn6A000000YQZeSAO","2018-02-28T21:09:07.000Z"
"18.0","AR-1742","0056A000001mlPTQAY","2018-02-28T21:09:07.000Z","8.0","0.0","1.970368049832","0.0","","false","03r6A000000aqGxQAI","false","false","0056A000001mlPTQAY","2018-02-28T21:09:07.000Z","true","08p6A000000awalQAA","","0Hn6A000000YQZdSAO","2018-02-28T21:09:07.000Z"
"14.0","AR-1744","0056A000001mlPTQAY","2018-02-28T21:09:07.000Z","8.0","0.0","1.981552731288","0.0","","false","03r6A000000aqGyQAI","false","false","0056A000001mlPTQAY","2018-02-28T21:09:07.000Z","true","08p6A000000awUQQAY","","0Hn6A000000YQZfSAO","2018-02-28T21:09:07.000Z"
"7.0","AR-1745","0056A000001mlPTQAY","2018-02-28T21:09:07.000Z","19.0","0.0","4.737955339","0.0","","false","03r6A000000aqGzQAI","false","false","0056A000001mlPTQAY","2018-02-28T21:09:07.000Z","true","08p6A000000awURQAY","","0Hn6A000000YQZeSAO","2018-02-28T21:09:07.000Z"
"22.0","AR-1748","0056A000001mlPTQAY","2018-02-28T21:09:07.000Z","43.0","0.0","10.58505825572","0.0","","false","03r6A000000aqH0QAI","false","false","0056A000001mlPTQAY","2018-02-28T21:09:07.000Z","true","08p6A000000awUSQAY","","0Hn6A000000YQZfSAO","2018-02-28T21:09:07.000Z"
"30.0","AR-1749","0056A000001mlPTQAY","2018-02-28T21:09:07.000Z","7.0","0.0","1.596302592248","0.0","","false","03r6A000000aqH1QAI","false","false","0056A000001mlPTQAY","2018-02-28T21:09:07.000Z","true","08p6A000000awUTQAY","","0Hn6A000000YQZeSAO","2018-02-28T21:09:07.000Z"
"49.0","AR-1750","0056A000001mlPTQAY","2018-02-28T21:09:07.000Z","3.0","2.135031415712","0.734460748944","9.0","","false","03r6A000000aqH2QAI","false","false","0056A000001mlPTQAY","2018-02-28T21:09:07.000Z","true","08p6A000000awUUQAY","","0Hn6A000000YQZhSAO","2018-02-28T21:09:07.000Z"
"53.0","AR-1751","0056A000001mlPTQAY","2018-02-28T21:09:07.000Z","20.0","0.0","4.833646502568","0.0","","false","03r6A000000aqH3QAI","false","false","0056A000001mlPTQAY","2018-02-28T21:09:07.000Z","true","08p6A000000awUVQAY","","0Hn6A000000YQZfSAO","2018-02-28T21:09:07.000Z"
"51.0","AR-1752","0056A000001mlPTQAY","2018-02-28T21:09:07.000Z","16.0","0.0","3.754946113256","0.0","","false","03r6A000000aqH4QAI","false","false","0056A000001mlPTQAY","2018-02-28T21:09:07.000Z","true","08p6A000000awUWQAY","","0Hn6A000000YQZcSAO","2018-02-28T21:09:07.000Z"
"10.0","AR-1754","0056A000001mlPTQAY","2018-02-28T21:09:07.000Z","10.0","5.3282579714","2.490455737536","22.0","","false","03r6A000000aqH5QAI","false","false","0056A000001mlPTQAY","2018-02-28T21:09:07.000Z","true","08p6A000000awUXQAY","","0Hn6A000000YQZeSAO","2018-02-28T21:09:07.000Z"
"32.0","AR-1755","0056A000001mlPTQAY","2018-02-28T21:09:07.000Z","13.0","0.0","3.115555156688","0.0","","false","03r6A000000aqH6QAI","false","false","0056A000001mlPTQAY","2018-02-28T21:09:07.000Z","true","08p6A000000awUYQAY","","0Hn6A000000YQZcSAO","2018-02-28T21:09:07.000Z"
"27.0","AR-1759","0056A000001mlPTQAY","2018-02-28T21:09:07.000Z","5.0","0.0","1.073729419776","0.0","","false","03r6A000000aqH7QAI","false","false","0056A000001mlPTQAY","2018-02-28T21:09:07.000Z","true","08p6A000000awamQAA","","0Hn6A000000YQZaSAO","2018-02-28T21:09:07.000Z"
"42.0","AR-1760","0056A000001mlPTQAY","2018-02-28T21:09:07.000Z","12.0","0.0","2.8272389236","0.0","","false","03r6A000000aqH8QAI","false","false","0056A000001mlPTQAY","2018-02-28T21:09:07.000Z","true","08p6A000000awanQAA","","0Hn6A000000YQZgSAO","2018-02-28T21:09:07.000Z"
"59.0","AR-1761","0056A000001mlPTQAY","2018-02-28T21:09:07.000Z","37.0","0.0","9.042193585984","0.0","","false","03r6A000000aqH9QAI","false","false","0056A000001mlPTQAY","2018-02-28T21:09:07.000Z","true","08p6A000000awaoQAA","","0Hn6A000000YQZcSAO","2018-02-28T21:09:07.000Z"
"21.0","AR-1766","0056A000001mlPTQAY","2018-02-28T21:09:07.000Z","22.0","1.312957328696","5.321422888288","6.0","","false","03r6A000000aqHAQAY","false","false","0056A000001mlPTQAY","2018-02-28T21:09:07.000Z","true","08p6A000000awapQAA","","0Hn6A000000YQZfSAO","2018-02-28T21:09:07.000Z"
"11.5","AR-1767","0056A000001mlPTQAY","2018-02-28T21:09:07.000Z","6.0","1.655332855488","1.46643601312","7.0","","false","03r6A000000aqHBQAY","false","false","0056A000001mlPTQAY","2018-02-28T21:09:07.000Z","true","08p6A000000awaqQAA","","0Hn6A000000YQZjSAO","2018-02-28T21:09:07.000Z"
"55.0","AR-1768","0056A000001mlPTQAY","2018-02-28T21:09:07.000Z","15.0","0.0","3.674789229488","0.0","","false","03r6A000000aqHCQAY","false","false","0056A000001mlPTQAY","2018-02-28T21:09:07.000Z","true","08p6A000000awarQAA","","0Hn6A000000YQZgSAO","2018-02-28T21:09:07.000Z"
"26.0","AR-1769","0056A000001mlPTQAY","2018-02-28T21:09:07.000Z","7.0","0.0","1.669003021712","0.0","","false","03r6A000000aqHDQAY","false","false","0056A000001mlPTQAY","2018-02-28T21:09:07.000Z","true","08p6A000000awTnQAI","","0Hn6A000000YQZaSAO","2018-02-28T21:09:07.000Z"
"1.0","AR-1770","0056A000001mlPTQAY","2018-02-28T21:09:07.000Z","8.0","7.311674816264","1.835530501168","30.0","","false","03r6A000000aqHEQAY","false","false","0056A000001mlPTQAY","2018-02-28T21:09:07.000Z","true","08p6A000000awToQAI","","0Hn6A000000YQZcSAO","2018-02-28T21:09:07.000Z"
"13.0","AR-1772","0056A000001mlPTQAY","2018-02-28T21:09:07.000Z","7.0","1.023398353224","1.647255029992","5.0","","false","03r6A000000aqHFQAY","false","false","0056A000001mlPTQAY","2018-02-28T21:09:07.000Z","true","08p6A000000awTpQAI","","0Hn6A000000YQZdSAO","2018-02-28T21:09:07.000Z"
"24.0","AR-1775","0056A000001mlPTQAY","2018-02-28T21:09:07.000Z","19.0","0.0","4.696944840328","0.0","","false","03r6A000000aqHGQAY","false","false","0056A000001mlPTQAY","2018-02-28T21:09:07.000Z","true","08p6A000000awWOQAY","","0Hn6A000000YQZgSAO","2018-02-28T21:09:07.000Z"
"8.0","AR-1776","0056A000001mlPTQAY","2018-02-28T21:09:07.000Z","14.0","8.70541039992","3.365346375872","35.0","","false","03r6A000000aqHHQAY","false","false","0056A000001mlPTQAY","2018-02-28T21:09:07.000Z","true","08p6A000000awWPQAY","","0Hn6A000000YQZgSAO","2018-02-28T21:09:07.000Z"
"35.0","AR-1777","0056A000001mlPTQAY","2018-02-28T21:09:07.000Z","24.0","0.0","5.994367889224","0.0","","false","03r6A000000aqHIQAY","false","false","0056A000001mlPTQAY","2018-02-28T21:09:07.000Z","true","08p6A000000awWQQAY","","0Hn6A000000YQZbSAO","2018-02-28T21:09:07.000Z"
"40.0","AR-1785","0056A000001mlPTQAY","2018-02-28T21:09:07.000Z","23.0","0.0","5.669390755808","0.0","","false","03r6A000000aqHJQAY","false","false","0056A000001mlPTQAY","2018-02-28T21:09:07.000Z","true","08p6A000000awasQAA","","0Hn6A000000YQZbSAO","2018-02-28T21:09:07.000Z"
"14.0","AR-1787","0056A000001mlPTQAY","2018-02-28T21:09:07.000Z","10.0","0.0","2.33324882596","0.0","","false","03r6A000000aqHKQAY","false","false","0056A000001mlPTQAY","2018-02-28T21:09:07.000Z","true","08p6A000000awatQAA","","0Hn6A000000YQZjSAO","2018-02-28T21:09:07.000Z"
"19.0","AR-1791","0056A000001mlPTQAY","2018-02-28T21:09:07.000Z","16.0","0.0","3.853744132784","0.0","","false","03r6A000000aqHLQAY","false","false","0056A000001mlPTQAY","2018-02-28T21:09:07.000Z","true","08p6A000000awZUQAY","","0Hn6A000000YQZbSAO","2018-02-28T21:09:07.000Z"
"12.0","AR-1794","0056A000001mlPTQAY","2018-02-28T21:09:07.000Z","7.0","0.0","1.523602162784","0.0","","false","03r6A000000aqHMQAY","false","false","0056A000001mlPTQAY","2018-02-28T21:09:07.000Z","true","08p6A000000awZVQAY","","0Hn6A000000YQZjSAO","2018-02-28T21:09:07.000Z"
"8.0","AR-1796","0056A000001mlPTQAY","2018-02-28T21:09:07.000Z","7.0","5.76011094984","1.675838104824","24.0","","false","03r6A000000aqHNQAY","false","false","0056A000001mlPTQAY","2018-02-28T21:09:07.000Z","true","08p6A000000awZTQAY","","0Hn6A000000YQZbSAO","2018-02-28T21:09:07.000Z"
"35.0","AR-1799","0056A000001mlPTQAY","2018-02-28T21:09:07.000Z","6.0","0.0","1.476377952192","0.0","","false","03r6A000000aqHOQAY","false","false","0056A000001mlPTQAY","2018-02-28T21:09:07.000Z","true","08p6A000000awXRQAY","","0Hn6A000000YQZhSAO","2018-02-28T21:09:07.000Z"
"22.0","AR-1801","0056A000001mlPTQAY","2018-02-28T21:09:07.000Z","18.0","0.0","4.330335837048","0.0","","false","03r6A000000aqHPQAY","false","false","0056A000001mlPTQAY","2018-02-28T21:09:07.000Z","true","08p6A000000awXSQAY","","0Hn6A000000YQZaSAO","2018-02-28T21:09:07.000Z"
"49.0","AR-1811","0056A000001mlPTQAY","2018-02-28T21:09:07.000Z","9.0","0.0","2.158643521008","0.0","","false","03r6A000000aqHQQAY","false","false","0056A000001mlPTQAY","2018-02-28T21:09:07.000Z","true","08p6A000000awZWQAY","","0Hn6A000000YQZiSAO","2018-02-28T21:09:07.000Z"
"19.0","AR-1812","0056A000001mlPTQAY","2018-02-28T21:09:07.000Z","8.0","0.0","1.838015985936","0.0","","false","03r6A000000aqHRQAY","false","false","0056A000001mlPTQAY","2018-02-28T21:09:07.000Z","true","08p6A000000awZXQAY","","0Hn6A000000YQZhSAO","2018-02-28T21:09:07.000Z"
"4.0","AR-1813","0056A000001mlPTQAY","2018-02-28T21:09:07.000Z","3.0","0.0","0.547428020152","0.0","","false","03r6A000000aqHSQAY","false","false","0056A000001mlPTQAY","2018-02-28T21:09:07.000Z","true","08p6A000000awZYQAY","","0Hn6A000000YQZdSAO","2018-02-28T21:09:07.000Z"
"26.0","AR-1815","0056A000001mlPTQAY","2018-02-28T21:09:07.000Z","13.0","0.0","3.107477331192","0.0","","false","03r6A000000aqHTQAY","false","false","0056A000001mlPTQAY","2018-02-28T21:09:07.000Z","true","08p6A000000awZZQAY","","0Hn6A000000YQZfSAO","2018-02-28T21:09:07.000Z"
"4.0","AR-1819","0056A000001mlPTQAY","2018-02-28T21:09:07.000Z","31.0","0.0","7.640380176832","0.0","","false","03r6A000000aqHUQAY","false","false","0056A000001mlPTQAY","2018-02-28T21:09:07.000Z","true","08p6A000000awTqQAI","","0Hn6A000000YQZiSAO","2018-02-28T21:09:07.000Z"
"58.0","AR-1820","0056A000001mlPTQAY","2018-02-28T21:09:07.000Z","23.0","0.0","5.578670561776","0.0","","false","03r6A000000aqHVQAY","false","false","0056A000001mlPTQAY","2018-02-28T21:09:07.000Z","true","08p6A000000awWSQAY","","0Hn6A000000YQZaSAO","2018-02-28T21:09:07.000Z"
"7.0","AR-1821","0056A000001mlPTQAY","2018-02-28T21:09:07.000Z","4.0","0.0","0.923978962504","0.0","","false","03r6A000000aqHWQAY","false","false","0056A000001mlPTQAY","2018-02-28T21:09:07.000Z","true","08p6A000000awWXQAY","","0Hn6A000000YQZfSAO","2018-02-28T21:09:07.000Z"
"54.0","AR-1822","0056A000001mlPTQAY","2018-02-28T21:09:07.000Z","7.0","0.0","1.545971525696","0.0","","false","03r6A000000aqHXQAY","false","false","0056A000001mlPTQAY","2018-02-28T21:09:07.000Z","true","08p6A000000awWTQAY","","0Hn6A000000YQZaSAO","2018-02-28T21:09:07.000Z"
"8.0","AR-1825","0056A000001mlPTQAY","2018-02-28T21:09:07.000Z","16.0","0.0","3.806519922192","0.0","","false","03r6A000000aqHYQAY","false","false","0056A000001mlPTQAY","2018-02-28T21:09:07.000Z","true","08p6A000000awWUQAY","","0Hn6A000000YQZjSAO","2018-02-28T21:09:07.000Z"
"44.0","AR-1826","0056A000001mlPTQAY","2018-02-28T21:09:07.000Z","33.0","0.0","8.249945316184","0.0","","false","03r6A000000aqHZQAY","false","false","0056A000001mlPTQAY","2018-02-28T21:09:07.000Z","true","08p6A000000awWVQAY","","0Hn6A000000YQZiSAO","2018-02-28T21:09:07.000Z"
"30.0","AR-1827","0056A000001mlPTQAY","2018-02-28T21:09:07.000Z","6.0","5.546359259792","1.415483575376","23.0","","false","03r6A000000aqHaQAI","false","false","0056A000001mlPTQAY","2018-02-28T21:09:07.000Z","true","08p6A000000awWWQAY","","0Hn6A000000YQZiSAO","2018-02-28T21:09:07.000Z"
"46.0","AR-1830","0056A000001mlPTQAY","2018-02-28T21:09:07.000Z","4.0","0.0","0.84817167708","0.0","","false","03r6A000000aqHbQAI","false","false","0056A000001mlPTQAY","2018-02-28T21:09:07.000Z","true","08p6A000000awZaQAI","","0Hn6A000000YQZdSAO","2018-02-28T21:09:07.000Z"
"53.0","AR-1832","0056A000001mlPTQAY","2018-02-28T21:09:07.000Z","24.0","0.124895609592","5.970755783928","1.0","","false","03r6A000000aqHcQAI","false","false","0056A000001mlPTQAY","2018-02-28T21:09:07.000Z","true","08p6A000000awZbQAI","","0Hn6A000000YQZaSAO","2018-02-28T21:09:07.000Z"
"43.0","AR-1833","0056A000001mlPTQAY","2018-02-28T21:09:07.000Z","6.0","0.0","1.472028353848","0.0","","false","03r6A000000aqHdQAI","false","false","0056A000001mlPTQAY","2018-02-28T21:09:07.000Z","true","08p6A000000awZcQAI","","0Hn6A000000YQZhSAO","2018-02-28T21:09:07.000Z"
"39.0","AR-1834","0056A000001mlPTQAY","2018-02-28T21:09:07.000Z","35.0","0.0","8.551931715496","0.0","","false","03r6A000000aqHeQAI","false","false","0056A000001mlPTQAY","2018-02-28T21:09:07.000Z","true","08p6A000000awZdQAI","","0Hn6A000000YQZdSAO","2018-02-28T21:09:07.000Z"
"29.0","AR-1835","0056A000001mlPTQAY","2018-02-28T21:09:07.000Z","4.0","0.0","0.77982084596","0.0","","false","03r6A000000aqHfQAI","false","false","0056A000001mlPTQAY","2018-02-28T21:09:07.000Z","true","08p6A000000awTrQAI","","0Hn6A000000YQZfSAO","2018-02-28T21:09:07.000Z"
"57.0","AR-1836","0056A000001mlPTQAY","2018-02-28T21:09:07.000Z","15.0","10.140156482248","3.67851745664","41.0","","false","03r6A000000aqHgQAI","false","false","0056A000001mlPTQAY","2018-02-28T21:09:07.000Z","true","08p6A000000awTsQAI","","0Hn6A000000YQZdSAO","2018-02-28T21:09:07.000Z"
"34.0","AR-0732","0056A000001mlPTQAY","2018-02-28T21:09:07.000Z","16.0","0.0","3.8214328308","0.0","","false","03r6A000000aq8hQAA","false","false","0056A000001mlPTQAY","2018-02-28T21:09:07.000Z","true","08p6A000000awXlQAI","","0Hn6A000000YQZaSAO","2018-02-28T21:09:07.000Z"
"4.0","AR-0900","0056A000001mlPTQAY","2018-02-28T21:09:07.000Z","8.0","0.0","1.790791775344","0.0","","false","03r6A000000aq8iQAA","false","false","0056A000001mlPTQAY","2018-02-28T21:09:07.000Z","true","08p6A000000awbsQAA","","0Hn6A000000YQZeSAO","2018-02-28T21:09:07.000Z"
"41.0","AR-0733","0056A000001mlPTQAY","2018-02-28T21:09:07.000Z","9.0","0.0","2.038718880952","0.0","","false","03r6A000000aq8jQAA","false","false","0056A000001mlPTQAY","2018-02-28T21:09:07.000Z","true","08p6A000000awXmQAI","","0Hn6A000000YQZaSAO","2018-02-28T21:09:07.000Z"
"3.0","AR-0768","0056A000001mlPTQAY","2018-02-28T21:09:07.000Z","7.0","0.0","1.57828282768","0.0","","false","03r6A000000aq8kQAA","false","false","0056A000001mlPTQAY","2018-02-28T21:09:07.000Z","true","08p6A000000awcrQAA","","0Hn6A000000YQZjSAO","2018-02-28T21:09:07.000Z"
"50.0","AR-0735","0056A000001mlPTQAY","2018-02-28T21:09:07.000Z","8.0","0.0","1.933085778312","0.0","","false","03r6A000000aq8lQAA","false","false","0056A000001mlPTQAY","2018-02-28T21:09:07.000Z","true","08p6A000000awXnQAI","","0Hn6A000000YQZaSAO","2018-02-28T21:09:07.000Z"
"38.0","AR-0739","0056A000001mlPTQAY","2018-02-28T21:09:07.000Z","27.0","0.0","6.610146740496","0.0","","false","03r6A000000aq8mQAA","false","false","0056A000001mlPTQAY","2018-02-28T21:09:07.000Z","true","08p6A000000awXqQAI","","0Hn6A000000YQZbSAO","2018-02-28T21:09:07.000Z"
"11.0","AR-0736","0056A000001mlPTQAY","2018-02-28T21:09:07.000Z","12.0","0.0","2.89869661068","0.0","","false","03r6A000000aq8nQAA","false","false","0056A000001mlPTQAY","2018-02-28T21:09:07.000Z","true","08p6A000000awXoQAI","","0Hn6A000000YQZbSAO","2018-02-28T21:09:07.000Z"
"8.0","AR-0737","0056A000001mlPTQAY","2018-02-28T21:09:07.000Z","19.0","0.0","4.540980671136","0.0","","false","03r6A000000aq8oQAA","false","false","0056A000001mlPTQAY","2018-02-28T21:09:07.000Z","true","08p6A000000awXpQAI","","0Hn6A000000YQZaSAO","2018-02-28T21:09:07.000Z"
"29.0","AR-0741","0056A000001mlPTQAY","2018-02-28T21:09:07.000Z","6.0","0.0","1.461465043584","0.0","","false","03r6A000000aq8pQAA","false","false","0056A000001mlPTQAY","2018-02-28T21:09:07.000Z","true","08p6A000000awXsQAI","","0Hn6A000000YQZhSAO","2018-02-28T21:09:07.000Z"
"40.0","AR-0841","0056A000001mlPTQAY","2018-02-28T21:09:07.000Z","27.0","6.414414815016","6.656749579896","26.0","","false","03r6A000000aq8qQAA","false","false","0056A000001mlPTQAY","2018-02-28T21:09:07.000Z","true","08p6A000000awVCQAY","","0Hn6A000000YQZbSAO","2018-02-28T21:09:07.000Z"
"1.0","AR-0742","0056A000001mlPTQAY","2018-02-28T21:09:07.000Z","15.0","0.0","3.677274714256","0.0","","false","03r6A000000aq8rQAA","false","false","0056A000001mlPTQAY","2018-02-28T21:09:07.000Z","true","08p6A000000awXrQAI","","0Hn6A000000YQZiSAO","2018-02-28T21:09:07.000Z"
"23.0","AR-0811","0056A000001mlPTQAY","2018-02-28T21:09:07.000Z","18.0","0.0","4.355190684728","0.0","","false","03r6A000000aq8sQAA","false","false","0056A000001mlPTQAY","2018-02-28T21:09:07.000Z","true","08p6A000000awVqQAI","","0Hn6A000000YQZcSAO","2018-02-28T21:09:07.000Z"
"19.0","AR-1842","0056A000001mlPTQAY","2018-02-28T21:09:07.000Z","20.0","0.0","4.823083192304","0.0","","false","03r6A000000aqHhQAI","false","false","0056A000001mlPTQAY","2018-02-28T21:09:07.000Z","true","08p6A000000awWYQAY","","0Hn6A000000YQZjSAO","2018-02-28T21:09:07.000Z"
"28.0","AR-1843","0056A000001mlPTQAY","2018-02-28T21:09:07.000Z","3.0","0.0","0.61826433604","0.0","","false","03r6A000000aqHiQAI","false","false","0056A000001mlPTQAY","2018-02-28T21:09:07.000Z","true","08p6A000000awWZQAY","","0Hn6A000000YQZfSAO","2018-02-28T21:09:07.000Z"
"59.0","AR-1844","0056A000001mlPTQAY","2018-02-28T21:09:07.000Z","3.0","0.0","0.665488546632","0.0","","false","03r6A000000aqHjQAI","false","false","0056A000001mlPTQAY","2018-02-28T21:09:07.000Z","true","08p6A000000awWaQAI","","0Hn6A000000YQZfSAO","2018-02-28T21:09:07.000Z"
"43.0","AR-1847","0056A000001mlPTQAY","2018-02-28T21:09:07.000Z","16.0","0.0","3.935143758936","0.0","","false","03r6A000000aqHkQAI","false","false","0056A000001mlPTQAY","2018-02-28T21:09:07.000Z","true","08p6A000000awWbQAI","","0Hn6A000000YQZhSAO","2018-02-28T21:09:07.000Z"
"3.5","AR-1849","0056A000001mlPTQAY","2018-02-28T21:09:07.000Z","25.0","10.17184641304","6.103107847824","41.0","","false","03r6A000000aqHlQAI","false","false","0056A000001mlPTQAY","2018-02-28T21:09:07.000Z","true","08p6A000000awWcQAI","","0Hn6A000000YQZjSAO","2018-02-28T21:09:07.000Z"
"6.0","AR-1851","0056A000001mlPTQAY","2018-02-28T21:09:07.000Z","24.0","0.0","5.841510575992","0.0","","false","03r6A000000aqHmQAI","false","false","0056A000001mlPTQAY","2018-02-28T21:09:07.000Z","true","08p6A000000awXUQAY","","0Hn6A000000YQZiSAO","2018-02-28T21:09:07.000Z"
"53.0","AR-1856","0056A000001mlPTQAY","2018-02-28T21:09:07.000Z","15.0","0.0","3.592146860952","0.0","","false","03r6A000000aqHnQAI","false","false","0056A000001mlPTQAY","2018-02-28T21:09:07.000Z","true","08p6A000000awXWQAY","","0Hn6A000000YQZgSAO","2018-02-28T21:09:07.000Z"
"5.0","AR-1857","0056A000001mlPTQAY","2018-02-28T21:09:07.000Z","21.0","8.4506482112","5.1107780542","34.0","","false","03r6A000000aqHoQAI","false","false","0056A000001mlPTQAY","2018-02-28T21:09:07.000Z","true","08p6A000000awXXQAY","","0Hn6A000000YQZhSAO","2018-02-28T21:09:07.000Z"
"50.0","AR-1858","0056A000001mlPTQAY","2018-02-28T21:09:07.000Z","13.0","0.0","3.11617652788","0.0","","false","03r6A000000aqHpQAI","false","false","0056A000001mlPTQAY","2018-02-28T21:09:07.000Z","true","08p6A000000awTtQAI","","0Hn6A000000YQZiSAO","2018-02-28T21:09:07.000Z"
"44.0","AR-1859","0056A000001mlPTQAY","2018-02-28T21:09:07.000Z","12.0","0.0","2.992523660672","0.0","","false","03r6A000000aqHqQAI","false","false","0056A000001mlPTQAY","2018-02-28T21:09:07.000Z","true","08p6A000000awTuQAI","","0Hn6A000000YQZcSAO","2018-02-28T21:09:07.000Z"
"41.0","AR-1863","0056A000001mlPTQAY","2018-02-28T21:09:07.000Z","12.0","0.0","2.759509463672","0.0","","false","03r6A000000aqHrQAI","false","false","0056A000001mlPTQAY","2018-02-28T21:09:07.000Z","true","08p6A000000awTvQAI","","0Hn6A000000YQZgSAO","2018-02-28T21:09:07.000Z"
"59.0","AR-1865","0056A000001mlPTQAY","2018-02-28T21:09:07.000Z","19.0","0.0","4.555272208552","0.0","","false","03r6A000000aqHsQAI","false","false","0056A000001mlPTQAY","2018-02-28T21:09:07.000Z","true","08p6A000000awcVQAQ","","0Hn6A000000YQZgSAO","2018-02-28T21:09:07.000Z"
"18.0","AR-1867","0056A000001mlPTQAY","2018-02-28T21:09:07.000Z","12.0","0.0","2.862657081544","0.0","","false","03r6A000000aqHtQAI","false","false","0056A000001mlPTQAY","2018-02-28T21:09:07.000Z","true","08p6A000000awcWQAQ","","0Hn6A000000YQZiSAO","2018-02-28T21:09:07.000Z"
"13.0","AR-1868","0056A000001mlPTQAY","2018-02-28T21:09:07.000Z","2.0","0.0","0.479698560224","0.0","","false","03r6A000000aqHuQAI","false","false","0056A000001mlPTQAY","2018-02-28T21:09:07.000Z","true","08p6A000000awcXQAQ","","0Hn6A000000YQZbSAO","2018-02-28T21:09:07.000Z"
"55.0","AR-1870","0056A000001mlPTQAY","2018-02-28T21:09:07.000Z","19.0","0.0","4.737333967808","0.0","","false","03r6A000000aqHvQAI","false","false","0056A000001mlPTQAY","2018-02-28T21:09:07.000Z","true","08p6A000000awcYQAQ","","0Hn6A000000YQZiSAO","2018-02-28T21:09:07.000Z"
"22.0","AR-1871","0056A000001mlPTQAY","2018-02-28T21:09:07.000Z","11.0","0.0","2.571855363688","0.0","","false","03r6A000000aqHwQAI","false","false","0056A000001mlPTQAY","2018-02-28T21:09:07.000Z","true","08p6A000000awcZQAQ","","0Hn6A000000YQZgSAO","2018-02-28T21:09:07.000Z"
"21.0","AR-1873","0056A000001mlPTQAY","2018-02-28T21:09:07.000Z","3.0","0.0","0.588438518824","0.0","","false","03r6A000000aqHxQAI","false","false","0056A000001mlPTQAY","2018-02-28T21:09:07.000Z","true","08p6A000000awcaQAA","","0Hn6A000000YQZbSAO","2018-02-28T21:09:07.000Z"
"6.0","AR-1881","0056A000001mlPTQAY","2018-02-28T21:09:07.000Z","10.0","0.0","2.31150083424","0.0","","false","03r6A000000aqHyQAI","false","false","0056A000001mlPTQAY","2018-02-28T21:09:07.000Z","true","08p6A000000awTaQAI","","0Hn6A000000YQZcSAO","2018-02-28T21:09:07.000Z"
"1.0","AR-1876","0056A000001mlPTQAY","2018-02-28T21:09:07.000Z","30.0","0.0","7.485658750024","0.0","","false","03r6A000000aqHzQAI","false","false","0056A000001mlPTQAY","2018-02-28T21:09:07.000Z","true","08p6A000000awTXQAY","","0Hn6A000000YQZbSAO","2018-02-28T21:09:07.000Z"
"58.0","AR-1877","0056A000001mlPTQAY","2018-02-28T21:09:07.000Z","24.0","1.818132107792","5.942794080288","8.0","","false","03r6A000000aqI0QAI","false","false","0056A000001mlPTQAY","2018-02-28T21:09:07.000Z","true","08p6A000000awTYQAY","","0Hn6A000000YQZiSAO","2018-02-28T21:09:07.000Z"
"35.0","AR-1878","0056A000001mlPTQAY","2018-02-28T21:09:07.000Z","9.0","7.9690855374","2.173556429616","32.0","","false","03r6A000000aqI1QAI","false","false","0056A000001mlPTQAY","2018-02-28T21:09:07.000Z","true","08p6A000000awTZQAY","","0Hn6A000000YQZgSAO","2018-02-28T21:09:07.000Z"
"18.0","AR-1883","0056A000001mlPTQAY","2018-02-28T21:09:07.000Z","14.0","0.0","3.45793068348","0.0","","false","03r6A000000aqI2QAI","false","false","0056A000001mlPTQAY","2018-02-28T21:09:07.000Z","true","08p6A000000awTbQAI","","0Hn6A000000YQZcSAO","2018-02-28T21:09:07.000Z"
"59.0","AR-1885","0056A000001mlPTQAY","2018-02-28T21:09:07.000Z","17.0","0.0","4.058796626144","0.0","","false","03r6A000000aqI3QAI","false","false","0056A000001mlPTQAY","2018-02-28T21:09:07.000Z","true","08p6A000000awUFQAY","","0Hn6A000000YQZdSAO","2018-02-28T21:09:07.000Z"
"6.0","AR-1886","0056A000001mlPTQAY","2018-02-28T21:09:07.000Z","22.0","2.494183964688","5.305888608488","10.0","","false","03r6A000000aqI4QAI","false","false","0056A000001mlPTQAY","2018-02-28T21:09:07.000Z","true","08p6A000000awUGQAY","","0Hn6A000000YQZbSAO","2018-02-28T21:09:07.000Z"
"33.0","AR-1908","0056A000001mlPTQAY","2018-02-28T21:09:07.000Z","4.0","0.0","0.9786596274","0.0","","false","03r6A000000aqI5QAI","false","false","0056A000001mlPTQAY","2018-02-28T21:09:07.000Z","true","08p6A000000awUxQAI","","0Hn6A000000YQZaSAO","2018-02-28T21:09:07.000Z"
"49.0","AR-1932","0056A000001mlPTQAY","2018-02-28T21:09:07.000Z","11.0","0.0","2.590496499448","0.0","","false","03r6A000000aqI6QAI","false","false","0056A000001mlPTQAY","2018-02-28T21:09:07.000Z","true","08p6A000000awdkQAA","","0Hn6A000000YQZfSAO","2018-02-28T21:09:07.000Z"
"40.0","AR-1891","0056A000001mlPTQAY","2018-02-28T21:09:07.000Z","6.0","9.675370830632","1.412998090608","39.0","","false","03r6A000000aqI7QAI","false","false","0056A000001mlPTQAY","2018-02-28T21:09:07.000Z","true","08p6A000000awUHQAY","","0Hn6A000000YQZcSAO","2018-02-28T21:09:07.000Z"
"58.0","AR-1893","0056A000001mlPTQAY","2018-02-28T21:09:07.000Z","2.0","0.0","0.492747355256","0.0","","false","03r6A000000aqI8QAI","false","false","0056A000001mlPTQAY","2018-02-28T21:09:07.000Z","true","08p6A000000awUIQAY","","0Hn6A000000YQZfSAO","2018-02-28T21:09:07.000Z"
"14.0","AR-1895","0056A000001mlPTQAY","2018-02-28T21:09:07.000Z","8.0","0.0","1.996465639896","0.0","","false","03r6A000000aqI9QAI","false","false","0056A000001mlPTQAY","2018-02-28T21:09:07.000Z","true","08p6A000000awUJQAY","","0Hn6A000000YQZaSAO","2018-02-28T21:09:07.000Z"
"40.0","AR-1896","0056A000001mlPTQAY","2018-02-28T21:09:07.000Z","7.0","0.0","1.67148850648","0.0","","false","03r6A000000aqIAQAY","false","false","0056A000001mlPTQAY","2018-02-28T21:09:07.000Z","true","08p6A000000awUKQAY","","0Hn6A000000YQZdSAO","2018-02-28T21:09:07.000Z"
"39.0","AR-1905","0056A000001mlPTQAY","2018-02-28T21:09:07.000Z","12.0","0.0","2.9359788822","0.0","","false","03r6A000000aqIBQAY","false","false","0056A000001mlPTQAY","2018-02-28T21:09:07.000Z","true","08p6A000000awUvQAI","","0Hn6A000000YQZdSAO","2018-02-28T21:09:07.000Z"
"41.0","AR-1901","0056A000001mlPTQAY","2018-02-28T21:09:07.000Z","20.0","0.0","4.813141253232","0.0","","false","03r6A000000aqICQAY","false","false","0056A000001mlPTQAY","2018-02-28T21:09:07.000Z","true","08p6A000000awULQAY","","0Hn6A000000YQZdSAO","2018-02-28T21:09:07.000Z"
"28.0","AR-1904","0056A000001mlPTQAY","2018-02-28T21:09:07.000Z","16.0","0.0","3.9767756288","0.0","","false","03r6A000000aqIDQAY","false","false","0056A000001mlPTQAY","2018-02-28T21:09:07.000Z","true","08p6A000000awUMQAY","","0Hn6A000000YQZaSAO","2018-02-28T21:09:07.000Z"
"52.0","AR-1906","0056A000001mlPTQAY","2018-02-28T21:09:07.000Z","19.0","0.0","4.603117790336","0.0","","false","03r6A000000aqIEQAY","false","false","0056A000001mlPTQAY","2018-02-28T21:09:07.000Z","true","08p6A000000awUwQAI","","0Hn6A000000YQZaSAO","2018-02-28T21:09:07.000Z"
"19.0","AR-1909","0056A000001mlPTQAY","2018-02-28T21:09:07.000Z","3.0","0.0","0.753101884704","0.0","","false","03r6A000000aqIFQAY","false","false","0056A000001mlPTQAY","2018-02-28T21:09:07.000Z","true","08p6A000000awUyQAI","","0Hn6A000000YQZdSAO","2018-02-28T21:09:07.000Z"
"4.0","AR-1910","0056A000001mlPTQAY","2018-02-28T21:09:07.000Z","7.0","0.0","1.58138968364","0.0","","false","03r6A000000aqIGQAY","false","false","0056A000001mlPTQAY","2018-02-28T21:09:07.000Z","true","08p6A000000awUzQAI","","0Hn6A000000YQZgSAO","2018-02-28T21:09:07.000Z"
"57.0","AR-1915","0056A000001mlPTQAY","2018-02-28T21:09:07.000Z","13.0","0.0","3.10685596","0.0","","false","03r6A000000aqIHQAY","false","false","0056A000001mlPTQAY","2018-02-28T21:09:07.000Z","true","08p6A000000awV0QAI","","0Hn6A000000YQZaSAO","2018-02-28T21:09:07.000Z"
"21.0","AR-0820","0056A000001mlPTQAY","2018-02-28T21:09:07.000Z","33.0","0.0","8.21452715824","0.0","","false","03r6A000000aq8tQAA","false","false","0056A000001mlPTQAY","2018-02-28T21:09:07.000Z","true","08p6A000000awajQAA","","0Hn6A000000YQZdSAO","2018-02-28T21:09:07.000Z"
"45.0","AR-0864","0056A000001mlPTQAY","2018-02-28T21:09:07.000Z","9.0","0.0","2.073515667704","0.0","","false","03r6A000000aq8uQAA","false","false","0056A000001mlPTQAY","2018-02-28T21:09:07.000Z","true","08p6A000000awUgQAI","","0Hn6A000000YQZaSAO","2018-02-28T21:09:07.000Z"
"5.0","AR-0797","0056A000001mlPTQAY","2018-02-28T21:09:07.000Z","5.0","0.0","1.053845541632","0.0","","false","03r6A000000aq8vQAA","false","false","0056A000001mlPTQAY","2018-02-28T21:09:07.000Z","true","08p6A000000awVmQAI","","0Hn6A000000YQZjSAO","2018-02-28T21:09:07.000Z"
"42.0","AR-0746","0056A000001mlPTQAY","2018-02-28T21:09:07.000Z","8.0","0.0","1.816267994216","0.0","","false","03r6A000000aq8wQAA","false","false","0056A000001mlPTQAY","2018-02-28T21:09:07.000Z","true","08p6A000000awXjQAI","","0Hn6A000000YQZhSAO","2018-02-28T21:09:07.000Z"
"11.0","AR-0779","0056A000001mlPTQAY","2018-02-28T21:09:07.000Z","20.0","0.0","4.984018331032","0.0","","false","03r6A000000aq8xQAA","false","false","0056A000001mlPTQAY","2018-02-28T21:09:07.000Z","true","08p6A000000awUrQAI","","0Hn6A000000YQZdSAO","2018-02-28T21:09:07.000Z"
"54.0","AR-0749","0056A000001mlPTQAY","2018-02-28T21:09:07.000Z","15.0","0.0","3.585933149032","0.0","","false","03r6A000000aq8yQAA","false","false","0056A000001mlPTQAY","2018-02-28T21:09:07.000Z","true","08p6A000000awXkQAI","","0Hn6A000000YQZbSAO","2018-02-28T21:09:07.000Z"
"4.0","AR-0751","0056A000001mlPTQAY","2018-02-28T21:09:07.000Z","10.0","0.0","2.263033881264","0.0","","false","03r6A000000aq8zQAA","false","false","0056A000001mlPTQAY","2018-02-28T21:09:07.000Z","true","08p6A000000awcsQAA","","0Hn6A000000YQZhSAO","2018-02-28T21:09:07.000Z"
"40.0","AR-0752","0056A000001mlPTQAY","2018-02-28T21:09:07.000Z","7.0","2.307772607088","1.521116678016","10.0","","false","03r6A000000aq90QAA","false","false","0056A000001mlPTQAY","2018-02-28T21:09:07.000Z","true","08p6A000000awcuQAA","","0Hn6A000000YQZhSAO","2018-02-28T21:09:07.000Z"
"54.0","AR-0753","0056A000001mlPTQAY","2018-02-28T21:09:07.000Z","9.0","0.0","2.204003618024","0.0","","false","03r6A000000aq91QAA","false","false","0056A000001mlPTQAY","2018-02-28T21:09:07.000Z","true","08p6A000000awctQAA","","0Hn6A000000YQZiSAO","2018-02-28T21:09:07.000Z"
"29.0","AR-0778","0056A000001mlPTQAY","2018-02-28T21:09:07.000Z","28.0","0.0","6.9021912007360005","0.0","","false","03r6A000000aq92QAA","false","false","0056A000001mlPTQAY","2018-02-28T21:09:07.000Z","true","08p6A000000awUqQAI","","0Hn6A000000YQZdSAO","2018-02-28T21:09:07.000Z"
"10.0","AR-0756","0056A000001mlPTQAY","2018-02-28T21:09:07.000Z","7.0","0.0","1.711256262768","0.0","","false","03r6A000000aq93QAA","false","false","0056A000001mlPTQAY","2018-02-28T21:09:07.000Z","true","08p6A000000awcxQAA","","0Hn6A000000YQZbSAO","2018-02-28T21:09:07.000Z"
"29.0","AR-0757","0056A000001mlPTQAY","2018-02-28T21:09:07.000Z","17.0","0.0","4.067495822832","0.0","","false","03r6A000000aq94QAA","false","false","0056A000001mlPTQAY","2018-02-28T21:09:07.000Z","true","08p6A000000awcyQAA","","0Hn6A000000YQZgSAO","2018-02-28T21:09:07.000Z"
"13.5","AR-0758","0056A000001mlPTQAY","2018-02-28T21:09:07.000Z","10.0","0.0","2.315229061392","0.0","","false","03r6A000000aq95QAA","false","false","0056A000001mlPTQAY","2018-02-28T21:09:07.000Z","true","08p6A000000awczQAA","","0Hn6A000000YQZjSAO","2018-02-28T21:09:07.000Z"
"25.0","AR-0760","0056A000001mlPTQAY","2018-02-28T21:09:07.000Z","13.0","0.0","3.093185793776","0.0","","false","03r6A000000aq96QAA","false","false","0056A000001mlPTQAY","2018-02-28T21:09:07.000Z","true","08p6A000000awcoQAA","","0Hn6A000000YQZgSAO","2018-02-28T21:09:07.000Z"
"4.0","AR-0762","0056A000001mlPTQAY","2018-02-28T21:09:07.000Z","4.0","0.0","0.964368089984","0.0","","false","03r6A000000aq97QAA","false","false","0056A000001mlPTQAY","2018-02-28T21:09:07.000Z","true","08p6A000000awcpQAA","","0Hn6A000000YQZfSAO","2018-02-28T21:09:07.000Z"
"6.5","AR-0765","0056A000001mlPTQAY","2018-02-28T21:09:07.000Z","14.0","0.0","3.434318578184","0.0","","false","03r6A000000aq98QAA","false","false","0056A000001mlPTQAY","2018-02-28T21:09:07.000Z","true","08p6A000000awcvQAA","","0Hn6A000000YQZjSAO","2018-02-28T21:09:07.000Z"
"42.0","AR-0766","0056A000001mlPTQAY","2018-02-28T21:09:07.000Z","20.0","1.624264295888","4.959163483352","7.0","","false","03r6A000000aq99QAA","false","false","0056A000001mlPTQAY","2018-02-28T21:09:07.000Z","true","08p6A000000awcwQAA","","0Hn6A000000YQZgSAO","2018-02-28T21:09:07.000Z"
"22.0","AR-0774","0056A000001mlPTQAY","2018-02-28T21:09:07.000Z","3.0","0.0","0.625099419152","0.0","","false","03r6A000000aq9AQAQ","false","false","0056A000001mlPTQAY","2018-02-28T21:09:07.000Z","true","08p6A000000awagQAA","","0Hn6A000000YQZaSAO","2018-02-28T21:09:07.000Z"
"57.0","AR-0775","0056A000001mlPTQAY","2018-02-28T21:09:07.000Z","8.0","5.1213413644640005","1.80819016872","21.0","","false","03r6A000000aq9BQAQ","false","false","0056A000001mlPTQAY","2018-02-28T21:09:07.000Z","true","08p6A000000awahQAA","","0Hn6A000000YQZbSAO","2018-02-28T21:09:07.000Z"
"40.0","AR-0776","0056A000001mlPTQAY","2018-02-28T21:09:07.000Z","26.0","4.755975103568","6.451075715344","20.0","","false","03r6A000000aq9CQAQ","false","false","0056A000001mlPTQAY","2018-02-28T21:09:07.000Z","true","08p6A000000awaiQAA","","0Hn6A000000YQZiSAO","2018-02-28T21:09:07.000Z"
"45.0","AR-0781","0056A000001mlPTQAY","2018-02-28T21:09:07.000Z","37.0","0.0","9.140991605512","0.0","","false","03r6A000000aq9DQAQ","false","false","0056A000001mlPTQAY","2018-02-28T21:09:07.000Z","true","08p6A000000awUsQAI","","0Hn6A000000YQZdSAO","2018-02-28T21:09:07.000Z"
"51.0","AR-0785","0056A000001mlPTQAY","2018-02-28T21:09:07.000Z","16.0","0.0","3.903453828144","0.0","","false","03r6A000000aq9EQAQ","false","false","0056A000001mlPTQAY","2018-02-28T21:09:07.000Z","true","08p6A000000awUtQAI","","0Hn6A000000YQZdSAO","2018-02-28T21:09:07.000Z"
"56.0","AR-0808","0056A000001mlPTQAY","2018-02-28T21:09:07.000Z","7.0","0.0","1.68080907436","0.0","","false","03r6A000000aq9FQAQ","false","false","0056A000001mlPTQAY","2018-02-28T21:09:07.000Z","true","08p6A000000awakQAA","","0Hn6A000000YQZdSAO","2018-02-28T21:09:07.000Z"
"24.5","AR-0789","0056A000001mlPTQAY","2018-02-28T21:09:07.000Z","10.0","0.0","2.279189532256","0.0","","false","03r6A000000aq9GQAQ","false","false","0056A000001mlPTQAY","2018-02-28T21:09:07.000Z","true","08p6A000000awV5QAI","","0Hn6A000000YQZjSAO","2018-02-28T21:09:07.000Z"
"15.0","AR-0787","0056A000001mlPTQAY","2018-02-28T21:09:07.000Z","4.0","0.634419987032","0.887318062176","3.0","","false","03r6A000000aq9HQAQ","false","false","0056A000001mlPTQAY","2018-02-28T21:09:07.000Z","true","08p6A000000awUuQAI","","0Hn6A000000YQZaSAO","2018-02-28T21:09:07.000Z"
"7.0","AR-0792","0056A000001mlPTQAY","2018-02-28T21:09:07.000Z","17.0","0.0","4.055689770184","0.0","","false","03r6A000000aq9IQAQ","false","false","0056A000001mlPTQAY","2018-02-28T21:09:07.000Z","true","08p6A000000awVhQAI","","0Hn6A000000YQZaSAO","2018-02-28T21:09:07.000Z"
"39.0","AR-0790","0056A000001mlPTQAY","2018-02-28T21:09:07.000Z","9.0","3.854986875168","2.10955519684","16.0","","false","03r6A000000aq9JQAQ","false","false","0056A000001mlPTQAY","2018-02-28T21:09:07.000Z","true","08p6A000000awV6QAI","","0Hn6A000000YQZdSAO","2018-02-28T21:09:07.000Z"
"15.0","AR-0791","0056A000001mlPTQAY","2018-02-28T21:09:07.000Z","32.0","7.281848999048","7.784538293376","30.0","","false","03r6A000000aq9KQAQ","false","false","0056A000001mlPTQAY","2018-02-28T21:09:07.000Z","true","08p6A000000awVgQAI","","0Hn6A000000YQZjSAO","2018-02-28T21:09:07.000Z"
"10.0","AR-0838","0056A000001mlPTQAY","2018-02-28T21:09:07.000Z","8.0","0.0","1.806326055144","0.0","","false","03r6A000000aq9LQAQ","false","false","0056A000001mlPTQAY","2018-02-28T21:09:07.000Z","true","08p6A000000awVBQAY","","0Hn6A000000YQZjSAO","2018-02-28T21:09:07.000Z"
"14.0","AR-0793","0056A000001mlPTQAY","2018-02-28T21:09:07.000Z","9.0","0.0","2.213945557096","0.0","","false","03r6A000000aq9MQAQ","false","false","0056A000001mlPTQAY","2018-02-28T21:09:07.000Z","true","08p6A000000awViQAI","","0Hn6A000000YQZhSAO","2018-02-28T21:09:07.000Z"
"9.0","AR-0794","0056A000001mlPTQAY","2018-02-28T21:09:07.000Z","19.0","0.0","4.545951640672","0.0","","false","03r6A000000aq9NQAQ","false","false","0056A000001mlPTQAY","2018-02-28T21:09:07.000Z","true","08p6A000000awVjQAI","","0Hn6A000000YQZfSAO","2018-02-28T21:09:07.000Z"
"41.0","AR-0795","0056A000001mlPTQAY","2018-02-28T21:09:07.000Z","6.0","0.0","1.31109321512","0.0","","false","03r6A000000aq9OQAQ","false","false","0056A000001mlPTQAY","2018-02-28T21:09:07.000Z","true","08p6A000000awVkQAI","","0Hn6A000000YQZfSAO","2018-02-28T21:09:07.000Z"
"5.0","AR-0796","0056A000001mlPTQAY","2018-02-28T21:09:07.000Z","4.0","0.0","0.956290264488","0.0","","false","03r6A000000aq9PQAQ","false","false","0056A000001mlPTQAY","2018-02-28T21:09:07.000Z","true","08p6A000000awVlQAI","","0Hn6A000000YQZjSAO","2018-02-28T21:09:07.000Z"
"5.0","AR-0799","0056A000001mlPTQAY","2018-02-28T21:09:07.000Z","6.0","0.0","1.26759723168","0.0","","false","03r6A000000aq9QQAQ","false","false","0056A000001mlPTQAY","2018-02-28T21:09:07.000Z","true","08p6A000000awVnQAI","","0Hn6A000000YQZhSAO","2018-02-28T21:09:07.000Z"
"24.0","AR-0800","0056A000001mlPTQAY","2018-02-28T21:09:07.000Z","14.0","0.0","3.42064841196","0.0","","false","03r6A000000aq9RQAQ","false","false","0056A000001mlPTQAY","2018-02-28T21:09:07.000Z","true","08p6A000000awVoQAI","","0Hn6A000000YQZfSAO","2018-02-28T21:09:07.000Z"
"40.0","AR-0802","0056A000001mlPTQAY","2018-02-28T21:09:07.000Z","7.0","6.29449017496","1.5347868442400001","26.0","","false","03r6A000000aq9SQAQ","false","false","0056A000001mlPTQAY","2018-02-28T21:09:07.000Z","true","08p6A000000awV7QAI","","0Hn6A000000YQZfSAO","2018-02-28T21:09:07.000Z"
"58.0","AR-1936","0056A000001mlPTQAY","2018-02-28T21:09:07.000Z","23.0","0.0","5.609739121376","0.0","","false","03r6A000000aqIIQAY","false","false","0056A000001mlPTQAY","2018-02-28T21:09:07.000Z","true","08p6A000000awdgQAA","","0Hn6A000000YQZfSAO","2018-02-28T21:09:07.000Z"
"22.0","AR-1917","0056A000001mlPTQAY","2018-02-28T21:09:07.000Z","14.0","0.0","3.320607650048","0.0","","false","03r6A000000aqIJQAY","false","false","0056A000001mlPTQAY","2018-02-28T21:09:07.000Z","true","08p6A000000awV1QAI","","0Hn6A000000YQZjSAO","2018-02-28T21:09:07.000Z"
"16.0","AR-1918","0056A000001mlPTQAY","2018-02-28T21:09:07.000Z","11.0","0.0","2.514689214024","0.0","","false","03r6A000000aqIKQAY","false","false","0056A000001mlPTQAY","2018-02-28T21:09:07.000Z","true","08p6A000000awV2QAI","","0Hn6A000000YQZjSAO","2018-02-28T21:09:07.000Z"
"9.0","AR-1921","0056A000001mlPTQAY","2018-02-28T21:09:07.000Z","14.0","4.947357430704","3.294510059984","20.0","","false","03r6A000000aqILQAY","false","false","0056A000001mlPTQAY","2018-02-28T21:09:07.000Z","true","08p6A000000awV3QAI","","0Hn6A000000YQZdSAO","2018-02-28T21:09:07.000Z"
"17.0","AR-1993","0056A000001mlPTQAY","2018-02-28T21:09:07.000Z","19.0","0.0","4.7224210592","0.0","","false","03r6A000000aqIMQAY","false","false","0056A000001mlPTQAY","2018-02-28T21:09:07.000Z","true","08p6A000000awTTQAY","","0Hn6A000000YQZcSAO","2018-02-28T21:09:07.000Z"
"20.5","AR-1928","0056A000001mlPTQAY","2018-02-28T21:09:07.000Z","5.0","0.0","1.135245167784","0.0","","false","03r6A000000aqINQAY","false","false","0056A000001mlPTQAY","2018-02-28T21:09:07.000Z","true","08p6A000000awdfQAA","","0Hn6A000000YQZjSAO","2018-02-28T21:09:07.000Z"
"12.5","AR-1935","0056A000001mlPTQAY","2018-02-28T21:09:07.000Z","13.0","2.586146901104","3.231751569592","11.0","","false","03r6A000000aqIOQAY","false","false","0056A000001mlPTQAY","2018-02-28T21:09:07.000Z","true","08p6A000000awdlQAA","","0Hn6A000000YQZjSAO","2018-02-28T21:09:07.000Z"
"39.0","AR-1937","0056A000001mlPTQAY","2018-02-28T21:09:07.000Z","34.0","11.330082314928","8.353092934056","46.0","","false","03r6A000000aqIPQAY","false","false","0056A000001mlPTQAY","2018-02-28T21:09:07.000Z","true","08p6A000000awdhQAA","","0Hn6A000000YQZfSAO","2018-02-28T21:09:07.000Z"
"23.0","AR-1943","0056A000001mlPTQAY","2018-02-28T21:09:07.000Z","9.0","0.0","2.23072257928","0.0","","false","03r6A000000aqIQQAY","false","false","0056A000001mlPTQAY","2018-02-28T21:09:07.000Z","true","08p6A000000awdiQAA","","0Hn6A000000YQZgSAO","2018-02-28T21:09:07.000Z"
"35.0","AR-1946","0056A000001mlPTQAY","2018-02-28T21:09:07.000Z","9.0","5.128176447576","2.182255626304","21.0","","false","03r6A000000aqIRQAY","false","false","0056A000001mlPTQAY","2018-02-28T21:09:07.000Z","true","08p6A000000awdjQAA","","0Hn6A000000YQZgSAO","2018-02-28T21:09:07.000Z"
"54.0","AR-1957","0056A000001mlPTQAY","2018-02-28T21:09:07.000Z","3.0","4.625487153248","0.561098186376","19.0","","false","03r6A000000aqISQAY","false","false","0056A000001mlPTQAY","2018-02-28T21:09:07.000Z","true","08p6A000000awaPQAQ","","0Hn6A000000YQZfSAO","2018-02-28T21:09:07.000Z"
"29.0","AR-1949","0056A000001mlPTQAY","2018-02-28T21:09:07.000Z","12.0","0.0","2.838423605056","0.0","","false","03r6A000000aqITQAY","false","false","0056A000001mlPTQAY","2018-02-28T21:09:07.000Z","true","08p6A000000awaNQAQ","","0Hn6A000000YQZhSAO","2018-02-28T21:09:07.000Z"
"3.0","AR-1954","0056A000001mlPTQAY","2018-02-28T21:09:07.000Z","18.0","0.0","4.482571779088","0.0","","false","03r6A000000aqIUQAY","false","false","0056A000001mlPTQAY","2018-02-28T21:09:07.000Z","true","08p6A000000awaOQAQ","","0Hn6A000000YQZhSAO","2018-02-28T21:09:07.000Z"
"4.0","AR-1961","0056A000001mlPTQAY","2018-02-28T21:09:07.000Z","37.0","0.0","9.083204084656","0.0","","false","03r6A000000aqIVQAY","false","false","0056A000001mlPTQAY","2018-02-28T21:09:07.000Z","true","08p6A000000awaQQAQ","","0Hn6A000000YQZeSAO","2018-02-28T21:09:07.000Z"
"45.0","AR-1962","0056A000001mlPTQAY","2018-02-28T21:09:07.000Z","13.0","0.0","3.149109201056","0.0","","false","03r6A000000aqIWQAY","false","false","0056A000001mlPTQAY","2018-02-28T21:09:07.000Z","true","08p6A000000awaRQAQ","","0Hn6A000000YQZeSAO","2018-02-28T21:09:07.000Z"
"55.0","AR-1999","0056A000001mlPTQAY","2018-02-28T21:09:07.000Z","20.0","5.006387693944","4.844831184024","21.0","","false","03r6A000000aqIXQAY","false","false","0056A000001mlPTQAY","2018-02-28T21:09:07.000Z","true","08p6A000000awVWQAY","","0Hn6A000000YQZcSAO","2018-02-28T21:09:07.000Z"
"3.0","AR-1966","0056A000001mlPTQAY","2018-02-28T21:09:07.000Z","28.0","0.0","6.882307322592","0.0","","false","03r6A000000aqIYQAY","false","false","0056A000001mlPTQAY","2018-02-28T21:09:07.000Z","true","08p6A000000awe1QAA","","0Hn6A000000YQZeSAO","2018-02-28T21:09:07.000Z"
"12.0","AR-1970","0056A000001mlPTQAY","2018-02-28T21:09:07.000Z","27.0","0.0","6.64556489844","0.0","","false","03r6A000000aqIZQAY","false","false","0056A000001mlPTQAY","2018-02-28T21:09:07.000Z","true","08p6A000000awTPQAY","","0Hn6A000000YQZeSAO","2018-02-28T21:09:07.000Z"
"41.0","AR-1972","0056A000001mlPTQAY","2018-02-28T21:09:07.000Z","24.0","8.2953054132","5.957085617704","34.0","","false","03r6A000000aqIaQAI","false","false","0056A000001mlPTQAY","2018-02-28T21:09:07.000Z","true","08p6A000000awTQQAY","","0Hn6A000000YQZhSAO","2018-02-28T21:09:07.000Z"
"7.0","AR-1995","0056A000001mlPTQAY","2018-02-28T21:09:07.000Z","28.0","0.0","6.954386380864","0.0","","false","03r6A000000aqIbQAI","false","false","0056A000001mlPTQAY","2018-02-28T21:09:07.000Z","true","08p6A000000awTWQAY","","0Hn6A000000YQZcSAO","2018-02-28T21:09:07.000Z"
"47.0","AR-2048","0056A000001mlPTQAY","2018-02-28T21:09:07.000Z","10.0","0.0","2.438260557408","0.0","","false","03r6A000000aqIcQAI","false","false","0056A000001mlPTQAY","2018-02-28T21:09:07.000Z","true","08p6A000000awcmQAA","","0Hn6A000000YQZeSAO","2018-02-28T21:09:07.000Z"
"11.0","AR-1985","0056A000001mlPTQAY","2018-02-28T21:09:07.000Z","10.0","9.706439390232","2.396628687544","39.0","","false","03r6A000000aqIdQAI","false","false","0056A000001mlPTQAY","2018-02-28T21:09:07.000Z","true","08p6A000000awTRQAY","","0Hn6A000000YQZeSAO","2018-02-28T21:09:07.000Z"
"28.0","AR-1991","0056A000001mlPTQAY","2018-02-28T21:09:07.000Z","15.0","0.0","3.507019007648","0.0","","false","03r6A000000aqIeQAI","false","false","0056A000001mlPTQAY","2018-02-28T21:09:07.000Z","true","08p6A000000awTSQAY","","0Hn6A000000YQZcSAO","2018-02-28T21:09:07.000Z"
"48.0","AR-1994","0056A000001mlPTQAY","2018-02-28T21:09:07.000Z","15.0","0.0","3.634400102008","0.0","","false","03r6A000000aqIfQAI","false","false","0056A000001mlPTQAY","2018-02-28T21:09:07.000Z","true","08p6A000000awTUQAY","","0Hn6A000000YQZcSAO","2018-02-28T21:09:07.000Z"
"6.0","AR-2045","0056A000001mlPTQAY","2018-02-28T21:09:07.000Z","43.0","0.0","10.675778449752","0.0","","false","03r6A000000aqIgQAI","false","false","0056A000001mlPTQAY","2018-02-28T21:09:07.000Z","true","08p6A000000awclQAA","","0Hn6A000000YQZeSAO","2018-02-28T21:09:07.000Z"
"12.0","AR-2073","0056A000001mlPTQAY","2018-02-28T21:09:07.000Z","29.0","0.0","7.134584026544","0.0","","false","03r6A000000aqIhQAI","false","false","0056A000001mlPTQAY","2018-02-28T21:09:07.000Z","true","08p6A000000awdRQAQ","","0Hn6A000000YQZeSAO","2018-02-28T21:09:07.000Z"
"59.0","AR-2025","0056A000001mlPTQAY","2018-02-28T21:09:07.000Z","6.0","5.239401890944","1.404920265112","21.0","","false","03r6A000000aqIiQAI","false","false","0056A000001mlPTQAY","2018-02-28T21:09:07.000Z","true","08p6A000000awbTQAQ","","0Hn6A000000YQZaSAO","2018-02-28T21:09:07.000Z"
"18.0","AR-2044","0056A000001mlPTQAY","2018-02-28T21:09:07.000Z","13.0","0.0","3.185148730192","0.0","","false","03r6A000000aqIjQAI","false","false","0056A000001mlPTQAY","2018-02-28T21:09:07.000Z","true","08p6A000000awcnQAA","","0Hn6A000000YQZeSAO","2018-02-28T21:09:07.000Z"
"31.0","AR-2050","0056A000001mlPTQAY","2018-02-28T21:09:07.000Z","8.0","11.939026083088","2.000193867048","48.0","","false","03r6A000000aqIkQAI","false","false","0056A000001mlPTQAY","2018-02-28T21:09:07.000Z","true","08p6A000000awbUQAQ","","0Hn6A000000YQZeSAO","2018-02-28T21:09:07.000Z"
"4.0","AR-2061","0056A000001mlPTQAY","2018-02-28T21:09:07.000Z","18.0","0.0","4.426027000616","0.0","","false","03r6A000000aqIlQAI","false","false","0056A000001mlPTQAY","2018-02-28T21:09:07.000Z","true","08p6A000000awbVQAQ","","0Hn6A000000YQZeSAO","2018-02-28T21:09:07.000Z"
"27.0","AR-2070","0056A000001mlPTQAY","2018-02-28T21:09:07.000Z","2.0","0.0","0.277131551632","0.0","","false","03r6A000000aqImQAI","false","false","0056A000001mlPTQAY","2018-02-28T21:09:07.000Z","true","08p6A000000awdQQAQ","","0Hn6A000000YQZeSAO","2018-02-28T21:09:07.000Z"
"15.0","AR-2076","0056A000001mlPTQAY","2018-02-28T21:09:07.000Z","18.0","0.0","4.497484687696","0.0","","false","03r6A000000aqInQAI","false","false","0056A000001mlPTQAY","2018-02-28T21:09:07.000Z","true","08p6A000000awdSQAQ","","0Hn6A000000YQZeSAO","2018-02-28T21:09:07.000Z"
"23.0","AR-2077","0056A000001mlPTQAY","2018-02-28T21:09:07.000Z","17.0","14.5711544524","4.027106695352","59.0","","false","03r6A000000aqIoQAI","false","false","0056A000001mlPTQAY","2018-02-28T21:09:07.000Z","true","08p6A000000awdTQAQ","","0Hn6A000000YQZeSAO","2018-02-28T21:09:07.000Z"
